id,pubtime,title,des,content,img,url,time,address,type,gname,nwound,nkill,total
1,2018-02-03 03:15,土耳其政府：安卡拉税务监察局大楼发生爆炸，为恐怖事件,据土耳其首都安卡拉地区行政长官星期五在声明中表示，安卡拉的丘库拉姆巴尔区税务监察局大楼发生爆炸，已经确定该起事件为恐怖袭击。犯罪嫌疑人与叙利亚“库尔德民主联盟党(PYD)”有关。,据土耳其首都安卡拉地区行政长官星期五在声明中表示，安卡拉的丘库拉姆巴尔区税务监察局大楼发生爆炸，已经确定该起事件为恐怖袭击。犯罪嫌疑人与叙利亚“库尔德民主联盟党(PYD)”有关。,http://sputniknews.cn/images/102231/72/1022317292.jpg;http://sputniknews.cn/images/102139/64/1021396450.jpg,http://sputniknews.cn/politics/201802031024623408/,,,None,unknown,0,0,"dead:0, hurt:0"
2,2017-08-14 12:33,布基纳法索首都咖啡馆袭击者被消灭,俄罗斯卫星通讯社莫斯科8月14日电 外媒援引布基纳法索通信部长的话报道称，该国安全部队消灭了3名袭击瓦加杜古咖啡馆的武装分子，袭击造成17人死亡。,俄罗斯卫星通讯社莫斯科8月14日电 外媒援引布基纳法索通信部长的话报道称，该国安全部队消灭了3名袭击瓦加杜古咖啡馆的武装分子，袭击造成17人死亡。,http://sputniknews.cn/images/102335/39/1023353990.jpg;http://sputniknews.cn/images/102335/33/1023353335.jpg,http://sputniknews.cn/politics/201708141023353767/,,,None,unknown,0,0,"dead:0, hurt:0"
3,2017-07-20 09:13,美国务院：2016年伊拉克恐袭的数量上升 而叙利亚下降,俄罗斯卫星通讯社华盛顿7月20日电 美国国务院反恐事物协调员斯贝瑞尔（Justin Siberell）表示，2016年世界上恐怖袭击及其受害者的数量比2015年下降；伊拉克恐袭数量有所上升，叙利亚有所下降。,俄罗斯卫星通讯社华盛顿7月20日电 美国国务院反恐事物协调员斯贝瑞尔（Justin Siberell）表示，2016年世界上恐怖袭击及其受害者的数量比2015年下降；伊拉克恐袭数量有所上升，叙利亚有所下降。,http://sputniknews.cn/images/102307/53/1023075310.jpg;http://sputniknews.cn/images/102109/42/1021094294.jpg,http://sputniknews.cn/society/201707201023159342/,,,None,unknown,0,0,"dead:0, hurt:0"
4,2018-01-22 14:51,印度强烈谴责喀布尔洲际酒店的恐怖袭击,俄罗斯卫星通讯社新德里1月22日电 俄罗斯卫星通讯社所获得的印度外交部发布的声明称，新德里强烈谴责恐怖分子对阿富汗首都喀布尔洲际酒店的攻击，并向遇难者亲人表示慰问。,俄罗斯卫星通讯社新德里1月22日电 俄罗斯卫星通讯社所获得的印度外交部发布的声明称，新德里强烈谴责恐怖分子对阿富汗首都喀布尔洲际酒店的攻击，并向遇难者亲人表示慰问。,http://sputniknews.cn/images/102452/65/1024526544.jpg;http://sputniknews.cn/images/102157/93/1021579362.jpg,http://sputniknews.cn/military/201801221024531361/,,,None,unknown,0,0,"dead:0, hurt:0"
5,2017-08-18 02:44,当地媒体称，巴塞罗那一名恐袭嫌疑人被击毙,俄罗斯卫星通讯社马德里8月17日电 据西班牙《La Vanguardia》报道称，巴塞罗那恐袭事件一名嫌疑人在与警方交火期间被击毙。,俄罗斯卫星通讯社马德里8月17日电 据西班牙《La Vanguardia》报道称，巴塞罗那恐袭事件一名嫌疑人在与警方交火期间被击毙。,http://sputniknews.cn/images/102338/80/1023388017.jpg;http://sputniknews.cn/images/102338/92/1023389228.jpg,http://sputniknews.cn/society/201708181023389437/,,,None,unknown,0,0,"dead:0, hurt:0"
6,2017-08-18 18:06,媒体：西班牙加泰罗尼亚警方正在搜寻2名恐袭涉案人员和货车,卫星通讯社马德里8月18日电 Cadena Ser电台报道，西班牙加泰罗尼亚自治区护法部门正在搜寻2名恐袭涉案嫌疑人以及恐怖分子驾驶的第三辆厢式货车。,卫星通讯社马德里8月18日电 Cadena Ser电台报道，西班牙加泰罗尼亚自治区护法部门正在搜寻2名恐袭涉案嫌疑人以及恐怖分子驾驶的第三辆厢式货车。,http://sputniknews.cn/images/102339/46/1023394630.jpg;http://sputniknews.cn/images/102225/36/1022253658.jpg,http://sputniknews.cn/politics/201708181023394818/,,,None,unknown,0,0,"dead:0, hurt:0"
7,2017-11-25 20:25,媒体：埃及北西奈省埋葬清真寺恐袭遇难者的工作持续了一夜,俄罗斯卫星通讯社开罗11月25日电 24日一座清真寺遭到恐怖袭击的埃及北西奈省比尔阿卜德镇埋葬可怕悲剧遇难者的工作持续了一夜，这次袭击造成235人死亡。,俄罗斯卫星通讯社开罗11月25日电 24日一座清真寺遭到恐怖袭击的埃及北西奈省比尔阿卜德镇埋葬可怕悲剧遇难者的工作持续了一夜，这次袭击造成235人死亡。,http://sputniknews.cn/images/102413/29/1024132936.jpg;http://sputniknews.cn/images/102412/97/1024129728.jpg,http://sputniknews.cn/society/201711251024132955/,,,None,unknown,0,0,"dead:0, hurt:0"
8,2017-08-18 23:43,5名恐怖分子驾车在坎布里尔斯冲撞人群 一名警官击毙其中4人,俄罗斯卫星通讯社莫斯科8月18日电 据西班牙《世界报》（El Mundo）报道，5名恐怖分子在距巴塞罗那120公里的旅游城市坎布里尔斯驾车冲撞人群，一名加泰罗尼亚警官击毙其中的4名。,俄罗斯卫星通讯社莫斯科8月18日电 据西班牙《世界报》（El Mundo）报道，5名恐怖分子在距巴塞罗那120公里的旅游城市坎布里尔斯驾车冲撞人群，一名加泰罗尼亚警官击毙其中的4名。,http://sputniknews.cn/images/102339/93/1023399342.jpg;http://sputniknews.cn/images/102339/00/1023390005.jpg,http://sputniknews.cn/politics/201708181023399322/,,,None,unknown,0,0,"dead:0, hurt:0"
9,2017-08-18 01:26,巴塞罗那市中心发生恐怖袭击 有人员伤亡,巴塞罗那警方称市中心发生恐怖袭击。据媒体报道，死亡人数可能会达到13人，50人受伤。,巴塞罗那警方称市中心发生恐怖袭击。据媒体报道，死亡人数可能会达到13人，50人受伤。,http://sputniknews.cn/images/102338/82/1023388243.jpg;http://sputniknews.cn/images/102338/85/1023388502.jpg,http://sputniknews.cn/society/201708181023388810/,,,,unknown,0,0,"dead:0, hurt:0"
10,2018-02-02 13:11,日本外务省提醒该国公民赴平昌冬奥会旅游期间注意安全,俄罗斯卫星通讯社东京2月2日电 日本外务省网站发布消息称，鉴于朝鲜威胁和犯罪率，提醒该国公民赴平昌冬奥会旅游期间注意安全。,俄罗斯卫星通讯社东京2月2日电 日本外务省网站发布消息称，鉴于朝鲜威胁和犯罪率，提醒该国公民赴平昌冬奥会旅游期间注意安全。,http://sputniknews.cn/images/102450/26/1024502699.jpg;http://sputniknews.cn/images/102156/40/1021564034.jpg,http://sputniknews.cn/society/201802021024617246/,,,None,unknown,0,0,"dead:0, hurt:0"
11,2017-06-30 09:03,俄议员：美国不相信武装分子使用化武计划说明基地组织是其“在政权更迭方面的盟友”,俄罗斯卫星通讯社莫斯科6月30日电 俄议员阿列克谢∙普什科夫称，美国务院拒绝讨论与叙化武有关的潜在挑衅，因为“基地组织”是“美国在政权更迭方面的盟友”。,俄罗斯卫星通讯社莫斯科6月30日电 俄议员阿列克谢∙普什科夫称，美国务院拒绝讨论与叙化武有关的潜在挑衅，因为“基地组织”是“美国在政权更迭方面的盟友”。,http://sputniknews.cn/images/101418/10/1014181001.jpg;http://sputniknews.cn/images/102227/11/1022271150.jpg,http://sputniknews.cn/politics/201706301022985109/,,,None,unknown,0,0,"dead:0, hurt:0"
12,2018-01-05 01:35,电视台：至少10人在喀布尔爆炸中死亡，数十人受伤,据1 TV电视台援引目击者消息表示，至少10人在喀布尔爆炸中死亡，数十人受伤。,据1 TV电视台援引目击者消息表示，至少10人在喀布尔爆炸中死亡，数十人受伤。,http://sputniknews.cn/images/102025/36/1020253658.jpg;http://sputniknews.cn/images/102274/69/1022746989.jpg,http://sputniknews.cn/politics/201801051024420122/,,,None,unknown,0,0,"dead:0, hurt:0"
13,2017-10-23 18:51,印度外交部：缅甸局势只能通过难民归国的方式解决,俄罗斯卫星通讯社新德里10月23日电 印度外交部长苏诗马·斯瓦拉吉表示，只有罗兴亚难民返回缅甸若开邦，该国局势才有可能恢复。,俄罗斯卫星通讯社新德里10月23日电 印度外交部长苏诗马·斯瓦拉吉表示，只有罗兴亚难民返回缅甸若开邦，该国局势才有可能恢复。,http://sputniknews.cn/images/102358/55/1023585584.jpg;http://sputniknews.cn/images/102356/74/1023567487.jpg,http://sputniknews.cn/politics/201710231023871215/,,,None,unknown,0,0,"dead:0, hurt:0"
14,2017-09-22 20:00,西班牙警方拘留一名加泰罗尼亚恐袭案嫌疑人,俄罗斯卫星通讯社莫斯科9月22日电 西班牙内政部长胡安·伊格纳西奥·索伊多表示，西班牙国民警卫队拘留了一名加泰罗尼亚恐袭案的涉案嫌疑人。,俄罗斯卫星通讯社莫斯科9月22日电 西班牙内政部长胡安·伊格纳西奥·索伊多表示，西班牙国民警卫队拘留了一名加泰罗尼亚恐袭案的涉案嫌疑人。,http://sputniknews.cn/images/102339/74/1023397406.jpg;http://sputniknews.cn/images/102077/04/1020770488.jpg,http://sputniknews.cn/politics/201709221023655306/,,,None,unknown,0,0,"dead:0, hurt:0"
15,2017-10-25 18:15,柏林警方扣押一名被怀疑与伊斯兰教主义有关的男子,俄罗斯卫星通讯社柏林10月25日电 柏林检察院和警方发布的联合声明中称，该市警方已经扣押一名被怀疑与伊斯兰教主义有关的男子，并在行动期间没收了武器和弹药。,俄罗斯卫星通讯社柏林10月25日电 柏林检察院和警方发布的联合声明中称，该市警方已经扣押一名被怀疑与伊斯兰教主义有关的男子，并在行动期间没收了武器和弹药。,http://sputniknews.cn/images/102388/62/1023886266.jpg;http://sputniknews.cn/images/102386/20/1023862065.jpg,http://sputniknews.cn/society/201710251023886425/,,,None,unknown,0,0,"dead:0, hurt:0"
16,2018-01-20 16:03,媒体：委内瑞拉叛变警察被击中头部而亡,俄罗斯卫星通讯社墨西哥城1月20日电 委内瑞拉上周在卡拉卡斯特别行动中击毙的叛变警察奥斯卡∙佩雷斯是被击中头部而死亡。,俄罗斯卫星通讯社墨西哥城1月20日电 委内瑞拉上周在卡拉卡斯特别行动中击毙的叛变警察奥斯卡∙佩雷斯是被击中头部而死亡。,http://sputniknews.cn/images/102452/38/1024523878.jpg;http://sputniknews.cn/images/102294/46/1022944696.jpg,http://sputniknews.cn/politics/201801201024523917/,,,None,unknown,0,0,"dead:0, hurt:0"
17,2017-09-12 21:20,俄军向叙代尔祖尔运送10余吨人道主义物资,俄罗斯卫星通讯社赫梅米姆（叙利亚）9月12日电 俄驻叙军队集群参谋长亚历山大∙拉宾中将表示，俄军向已解除封锁的叙代尔祖尔地区运送超过10吨人道主义援助物资。,俄罗斯卫星通讯社赫梅米姆（叙利亚）9月12日电 俄驻叙军队集群参谋长亚历山大∙拉宾中将表示，俄军向已解除封锁的叙代尔祖尔地区运送超过10吨人道主义援助物资。,http://sputniknews.cn/images/102171/95/1021719501.jpg;http://sputniknews.cn/images/102358/07/1023580757.jpg,http://sputniknews.cn/russia/201709121023581659/,,,None,unknown,0,0,"dead:0, hurt:0"
18,2017-08-23 15:12,美中情局前雇员：美国对巴基斯坦的强硬态度或影响对阿资源输送,俄罗斯卫星通讯社华盛顿8月23日电 美国中情局前工作人员菲尔∙吉拉尔迪向卫星通讯社表示，鉴于伊斯兰堡可以随时破坏美国和北约向阿富汗输送资源的重要线路，美国总统特朗普承诺对巴基斯坦采取更强硬立场的表态可能会有不愉快的后果。,俄罗斯卫星通讯社华盛顿8月23日电 美国中情局前工作人员菲尔∙吉拉尔迪向卫星通讯社表示，鉴于伊斯兰堡可以随时破坏美国和北约向阿富汗输送资源的重要线路，美国总统特朗普承诺对巴基斯坦采取更强硬立场的表态可能会有不愉快的后果。,http://sputniknews.cn/images/102135/20/1021352087.jpg;http://sputniknews.cn/images/102339/85/1023398520.jpg,http://sputniknews.cn/military/201708231023427398/,,,None,unknown,0,0,"dead:0, hurt:0"
19,2017-06-19 20:53,民调：美国人相信特朗普保护美国不受恐袭伤害,俄罗斯卫星通讯社莫斯科6月19日电 美国盖洛普咨询公司调查数据显示，自2017年1月特朗普就任美国总统以来，相信政府能够保护美国免受恐怖主义袭击的美国人上升至近70%，与2016年相比增加了15%。,俄罗斯卫星通讯社莫斯科6月19日电 美国盖洛普咨询公司调查数据显示，自2017年1月特朗普就任美国总统以来，相信政府能够保护美国免受恐怖主义袭击的美国人上升至近70%，与2016年相比增加了15%。,http://sputniknews.cn/images/102250/17/1022501751.jpg;http://sputniknews.cn/images/102214/03/1022140376.jpg,http://sputniknews.cn/politics/201706191022894918/,,,None,unknown,0,0,"dead:0, hurt:0"
20,2017-09-18 09:38,代尔祖尔事件后美国望加强与俄在叙合作,俄罗斯卫星通讯社华盛顿9月18日电 《华盛顿邮报》9月17日报道称，美国希望加强与俄军在叙利亚空域的合作。,俄罗斯卫星通讯社华盛顿9月18日电 《华盛顿邮报》9月17日报道称，美国希望加强与俄军在叙利亚空域的合作。,http://sputniknews.cn/images/102037/74/1020377499.jpg;http://sputniknews.cn/images/101987/44/1019874456.jpg,http://sputniknews.cn/military/201709181023619507/,,,None,unknown,0,0,"dead:0, hurt:0"
21,2018-01-28 02:03,俄内务部：圣彼得堡市多家商场遭“诈弹”威胁,俄罗斯卫星通讯社莫斯科1月27日电 圣彼得堡市内务总局发言人表示，一伙身份不明人士报警称，该市多家商场内安置炸弹，随后被证实是虚假信息。,俄罗斯卫星通讯社莫斯科1月27日电 圣彼得堡市内务总局发言人表示，一伙身份不明人士报警称，该市多家商场内安置炸弹，随后被证实是虚假信息。,http://sputniknews.cn/images/102437/59/1024375903.jpg;http://sputniknews.cn/images/102432/68/1024326832.jpg,http://sputniknews.cn/russia/201801281024577585/,,,None,unknown,0,0,"dead:0, hurt:0"
22,2017-09-04 11:57,乌安全局指责俄情报部门参与在乌境内的恐袭,俄罗斯卫星通讯社莫斯科9月4日电 乌克兰安全局局长瓦西里∙格利察克向俄联邦安全局局长亚历山大∙博尔特尼科夫喊话，指责俄情报部门在乌境内组织恐怖袭击。,俄罗斯卫星通讯社莫斯科9月4日电 乌克兰安全局局长瓦西里∙格利察克向俄联邦安全局局长亚历山大∙博尔特尼科夫喊话，指责俄情报部门在乌境内组织恐怖袭击。,http://sputniknews.cn/images/102259/54/1022595403.jpg;http://sputniknews.cn/images/102351/02/1023510220.jpg,http://sputniknews.cn/politics/201709041023511862/,,,None,unknown,0,0,"dead:0, hurt:0"
23,2017-08-18 23:38,美国国务卿确认一名美国人在巴塞罗那恐怖袭击期间死亡,俄罗斯卫星通讯社华盛顿8月18日电 美国国务卿蒂勒森确认，一名美国公民在巴塞罗那恐怖袭击期间死亡。,俄罗斯卫星通讯社华盛顿8月18日电 美国国务卿蒂勒森确认，一名美国公民在巴塞罗那恐怖袭击期间死亡。,http://sputniknews.cn/images/102339/00/1023390004.jpg;http://sputniknews.cn/images/102339/74/1023397407.jpg,http://sputniknews.cn/society/201708181023399303/,,,None,unknown,0,0,"dead:0, hurt:0"
24,2017-11-02 06:53,美联邦调查局：不再通缉纽约恐袭第二名嫌犯,俄罗斯卫星通讯社华盛顿11月2日电 美国政府不再通缉10月31日纽约恐袭事件第二名嫌疑人。,俄罗斯卫星通讯社华盛顿11月2日电 美国政府不再通缉10月31日纽约恐袭事件第二名嫌疑人。,http://sputniknews.cn/images/102394/21/1023942136.jpg;http://sputniknews.cn/images/102393/63/1023936320.jpg,http://sputniknews.cn/society/201711021023950033/,,,None,unknown,0,0,"dead:0, hurt:0"
25,2017-07-19 23:10,卢甘斯克人民共和国：安全部扣押的男子已经承认试图发动恐怖袭击,俄罗斯卫星通讯社卢甘斯克7月19日电 卢甘斯克人民共和国国家安全部新闻处主任柳边科表示，此前被扣押的男子已经承认，试图在卢甘斯克针对外国人发动恐怖袭击。,俄罗斯卫星通讯社卢甘斯克7月19日电 卢甘斯克人民共和国国家安全部新闻处主任柳边科表示，此前被扣押的男子已经承认，试图在卢甘斯克针对外国人发动恐怖袭击。,http://sputniknews.cn/images/101337/27/1013372766.jpg;http://sputniknews.cn/images/102314/55/1023145576.jpg,http://sputniknews.cn/society/201707191023157652/,,,None,unknown,0,0,"dead:0, hurt:0"
26,2017-12-18 05:33,媒体：巴基斯坦教堂遇袭事件死亡人数升至9人,俄罗斯卫星通讯社莫斯科电 Geo TV电视台引述巴基斯坦卫生部发言人巴伊戈的话报道称，周日该国南部奎达市教堂爆炸导致死亡人数升至9人，另有50多人受伤。,俄罗斯卫星通讯社莫斯科电 Geo TV电视台引述巴基斯坦卫生部发言人巴伊戈的话报道称，周日该国南部奎达市教堂爆炸导致死亡人数升至9人，另有50多人受伤。,http://sputniknews.cn/images/102415/37/1024153750.jpg;http://sputniknews.cn/images/102430/25/1024302590.jpg,http://sputniknews.cn/society/201712181024303356/,,,None,unknown,0,0,"dead:0, hurt:0"
27,2017-12-31 18:33,英大臣：3000多名潜在恐怖份子威胁英国安全,俄罗斯卫星通讯社莫斯科12月31日电 英国安全事务国务大臣本•华莱士在接受《星期日泰晤士报》采访时表示，3000多名潜在恐怖份子对英国居民安全构成严重威胁。,俄罗斯卫星通讯社莫斯科12月31日电 英国安全事务国务大臣本•华莱士在接受《星期日泰晤士报》采访时表示，3000多名潜在恐怖份子对英国居民安全构成严重威胁。,http://sputniknews.cn/images/102390/52/1023905239.jpg;http://sputniknews.cn/images/102215/79/1022157904.jpg,http://sputniknews.cn/society/201712311024397108/,,,None,unknown,0,0,"dead:0, hurt:0"
28,2017-11-01 16:08,俄议员：俄方愿协助美国调查纽约恐袭案,俄罗斯卫星通讯社莫斯科11月1日电 俄罗斯联邦委员会国际事务委员会主席康斯坦丁∙科萨切夫向俄罗斯卫星通讯社表示，俄方愿协助美国调查纽约恐袭案，反恐问题的重要性高于国家间分歧。,俄罗斯卫星通讯社莫斯科11月1日电 俄罗斯联邦委员会国际事务委员会主席康斯坦丁∙科萨切夫向俄罗斯卫星通讯社表示，俄方愿协助美国调查纽约恐袭案，反恐问题的重要性高于国家间分歧。,http://sputniknews.cn/images/102392/99/1023929927.jpg;http://sputniknews.cn/images/102394/08/1023940835.jpg,http://sputniknews.cn/society/201711011023941055/,,,None,unknown,0,0,"dead:0, hurt:0"
29,2017-11-15 14:31,英国调查人员发现419个提及脱欧的“涉俄”推特账户,俄罗斯卫星通讯社莫斯科11月15日电 据英国《卫报》报道，苏格兰爱丁堡大学的研究人员在推特上发现超过400个似乎与俄罗斯有关的账户，用于发布有关英国脱欧的消息。,俄罗斯卫星通讯社莫斯科11月15日电 据英国《卫报》报道，苏格兰爱丁堡大学的研究人员在推特上发现超过400个似乎与俄罗斯有关的账户，用于发布有关英国脱欧的消息。,http://sputniknews.cn/images/102202/40/1022024093.jpg;http://sputniknews.cn/images/101994/86/1019948617.jpg,http://sputniknews.cn/politics/201711151024053605/,,,None,unknown,0,0,"dead:0, hurt:0"
30,2017-12-22 11:51,土耳其有意与俄罗斯在反恐方面同步立法,俄罗斯卫星通讯社莫斯科12月22日电 俄罗斯国家杜马安全与反腐败委员会副主席阿纳托利•维博尔内在访问安卡拉后对卫星通讯社表示，土耳其有意与俄罗斯在打击恐怖主义方面同步立法，加强关系的第一阶段可以是俄罗斯国家杜马与土耳其大国民议会之间的合作协议。,俄罗斯卫星通讯社莫斯科12月22日电 俄罗斯国家杜马安全与反腐败委员会副主席阿纳托利•维博尔内在访问安卡拉后对卫星通讯社表示，土耳其有意与俄罗斯在打击恐怖主义方面同步立法，加强关系的第一阶段可以是俄罗斯国家杜马与土耳其大国民议会之间的合作协议。,http://sputniknews.cn/images/102433/66/1024336636.jpg;http://sputniknews.cn/images/102425/94/1024259465.jpg,http://sputniknews.cn/politics/201712221024336650/,,,None,unknown,0,0,"dead:0, hurt:0"
31,2018-01-23 06:41,土耳其驳斥有关其军队在叙阿夫林袭击平民的消息,俄罗斯卫星通讯社安卡拉1月23日电 土耳其副总理博兹达22日表示，有关土耳其军队对叙利亚阿夫林地区的平民实施打击的消息系黑色宣传。,俄罗斯卫星通讯社安卡拉1月23日电 土耳其副总理博兹达22日表示，有关土耳其军队对叙利亚阿夫林地区的平民实施打击的消息系黑色宣传。,http://sputniknews.cn/images/102450/49/1024504998.jpg;http://sputniknews.cn/images/102399/23/1023992378.jpg,http://sputniknews.cn/military/201801231024538389/,,,None,unknown,0,0,"dead:0, hurt:0"
32,2017-08-03 15:45,媒体：印度2名军人在克什米尔与武装发生冲突时死亡,俄罗斯卫星通讯社新德里8月3日电 印度查谟-克什米尔邦警方代表表示，印度2名军人在在该邦与武装分子发生冲突时死亡。,俄罗斯卫星通讯社新德里8月3日电 印度查谟-克什米尔邦警方代表表示，印度2名军人在在该邦与武装分子发生冲突时死亡。,http://sputniknews.cn/images/102327/10/1023271062.jpg;http://sputniknews.cn/images/102321/86/1023218660.jpg,http://sputniknews.cn/military/201708031023271149/,,,None,unknown,0,0,"dead:0, hurt:0"
33,2018-03-15 13:24,2017年俄罗斯遭受的大部分黑客袭击目的为窃取金钱,全俄紧急情况监测和预报中心“Antistikhia”消息称，2017年，70%以上对俄罗斯信息设施的黑客袭击主要目的是勒索或窃取金融资产。,全俄紧急情况监测和预报中心“Antistikhia”消息称，2017年，70%以上对俄罗斯信息设施的黑客袭击主要目的是勒索或窃取金融资产。,http://sputniknews.cn/images/102183/61/1021836101.jpg;http://sputniknews.cn/images/102371/60/1023716044.jpg,http://sputniknews.cn/society/201803151024913136/,,,None,unknown,0,0,"dead:0, hurt:0"
34,2017-08-02 12:16,媒体：澳恐袭策划案一名嫌疑人获释,俄罗斯卫星通讯社莫斯科8月2日电 澳大利亚SBS World News电视台援引联邦警察和新南威尔士州警方的联合声明称，该国因策划飞机恐袭案被拘的4名嫌疑人其中一人已经获释。,俄罗斯卫星通讯社莫斯科8月2日电 澳大利亚SBS World News电视台援引联邦警察和新南威尔士州警方的联合声明称，该国因策划飞机恐袭案被拘的4名嫌疑人其中一人已经获释。,http://sputniknews.cn/images/102041/87/1020418745.jpg;http://sputniknews.cn/images/102325/06/1023250682.jpg,http://sputniknews.cn/society/201708021023260509/,,,None,unknown,0,0,"dead:0, hurt:0"
35,2017-10-09 09:22,真主党：美国使用空军来保护IS免遭叙军打击,俄罗斯卫星通讯社代尔祖尔10月9日电  据黎巴嫩真主党秘书长哈桑•纳斯鲁拉在艾玛纳电视台（Al-Manar TV）直播中称，美国空军正保护残存的伊斯兰国恐怖组织力量免遭叙政府军打击。,俄罗斯卫星通讯社代尔祖尔10月9日电  据黎巴嫩真主党秘书长哈桑•纳斯鲁拉在艾玛纳电视台（Al-Manar TV）直播中称，美国空军正保护残存的伊斯兰国恐怖组织力量免遭叙政府军打击。,http://sputniknews.cn/images/102035/13/1020351376.jpg;http://sputniknews.cn/images/102344/07/1023440782.jpg,http://sputniknews.cn/military/201710091023765479/,,,None,unknown,0,0,"dead:0, hurt:0"
36,2017-07-24 09:59,以色列坦克攻击加沙地带武装分子阵地 以回应火箭弹袭击,俄罗斯卫星通讯社特拉维夫7月24日电 以色列坦克攻击了加沙地带巴勒斯坦武装分子的阵地，以回应一天内第二次来自该地区的火箭弹袭击。,俄罗斯卫星通讯社特拉维夫7月24日电 以色列坦克攻击了加沙地带巴勒斯坦武装分子的阵地，以回应一天内第二次来自该地区的火箭弹袭击。,http://sputniknews.cn/images/102318/70/1023187015.jpg;http://sputniknews.cn/images/102317/97/1023179779.jpg,http://sputniknews.cn/military/201707241023187027/,,,None,unknown,0,0,"dead:0, hurt:0"
37,2018-01-09 18:45,叙政府军称以色列通过袭击叙利亚来支持恐怖分子,俄罗斯卫星通讯社贝鲁特1月9日电 叙利亚政府军司令部表示，以色列以火箭弹袭击叙政府军再次证明其支持在伊德利卜和大马士革郊区失利的恐怖组织。,俄罗斯卫星通讯社贝鲁特1月9日电 叙利亚政府军司令部表示，以色列以火箭弹袭击叙政府军再次证明其支持在伊德利卜和大马士革郊区失利的恐怖组织。,http://sputniknews.cn/images/102444/20/1024442028.jpg;http://sputniknews.cn/images/102444/00/1024440063.jpg,http://sputniknews.cn/military/201801091024442125/,,,None,unknown,0,0,"dead:0, hurt:0"
38,2017-10-02 21:02,2016-2017年最血腥的美国公共场所枪击案,不明人士在美国拉斯维加斯曼德勒海湾一家大型赌场附近开枪，造成至少50人死亡，200多人受伤。以下是2016-2017年在美国公共场所发生的血腥枪击案件。,不明人士在美国拉斯维加斯曼德勒海湾一家大型赌场附近开枪，造成至少50人死亡，200多人受伤。以下是2016-2017年在美国公共场所发生的血腥枪击案件。,http://sputniknews.cn/images/102286/07/1022860740.jpg;http://sputniknews.cn/images/102371/97/1023719758.jpg,http://sputniknews.cn/society/201710021023721523/,,,None,unknown,0,0,"dead:0, hurt:0"
39,2017-08-18 18:24,媒体：西班牙坎布里尔斯恐袭案一名伤者去世,俄罗斯卫星通讯社莫斯科8月18日电 据西班牙《每日新闻报》（El Diario）报道，该国坎布里尔斯恐袭案一名伤者去世。,俄罗斯卫星通讯社莫斯科8月18日电 据西班牙《每日新闻报》（El Diario）报道，该国坎布里尔斯恐袭案一名伤者去世。,http://sputniknews.cn/images/102339/07/1023390724.jpg;http://sputniknews.cn/images/102339/46/1023394631.jpg,http://sputniknews.cn/society/201708181023395155/,,,None,unknown,0,0,"dead:0, hurt:0"
40,2018-01-28 14:16,特朗普呼吁对塔利班及其支持者采取果断措施,俄罗斯卫星通讯社华盛顿1月28日电 美国总统特朗普1月27日发表声明，谴责在喀布尔发生的恐怖袭击，并呼吁国际社会采取果断措施应对塔利班及其支持者。,俄罗斯卫星通讯社华盛顿1月28日电 美国总统特朗普1月27日发表声明，谴责在喀布尔发生的恐怖袭击，并呼吁国际社会采取果断措施应对塔利班及其支持者。,http://sputniknews.cn/images/102452/65/1024526544.jpg;http://sputniknews.cn/images/102457/67/1024576790.jpg,http://sputniknews.cn/politics/201801281024577696/,,,,unknown,0,0,"dead:0, hurt:0"
41,2018-01-10 02:33,以总理：以色列帮助欧洲阻止发生劫机的大规模恐袭,俄罗斯卫星通讯社特拉维夫1月9日电 以色列总理内塔尼亚胡表示，该国情报部门已帮助其它国家阻止几十起可能发生的大规模恐怖袭击，其中包括飞机上的恐袭。,俄罗斯卫星通讯社特拉维夫1月9日电 以色列总理内塔尼亚胡表示，该国情报部门已帮助其它国家阻止几十起可能发生的大规模恐怖袭击，其中包括飞机上的恐袭。,http://sputniknews.cn/images/102425/32/1024253233.jpg;http://sputniknews.cn/images/102444/20/1024442029.jpg,http://sputniknews.cn/politics/201801101024445680/,,,,unknown,0,0,"dead:0, hurt:0"
42,2017-10-20 11:18,民调：美国人越来越担心对美核打击的可能性,俄罗斯卫星通讯社莫斯科10月19日电 据NBC电视台和调查猴网站（Survey Monkey）公司的民调显示，近3年来美国人越来越多地把对美国的核打击视作潜在威胁。,俄罗斯卫星通讯社莫斯科10月19日电 据NBC电视台和调查猴网站（Survey Monkey）公司的民调显示，近3年来美国人越来越多地把对美国的核打击视作潜在威胁。,http://sputniknews.cn/images/102375/46/1023754649.jpg;http://sputniknews.cn/images/102173/39/1021733988.jpg,http://sputniknews.cn/society/201710201023850690/,,,None,unknown,0,0,"dead:0, hurt:0"
43,2017-11-18 03:15,卡德罗夫邀请俄罗斯公民们前往车臣度新年,车臣共和国总统卡德罗夫在Telegram上写道：建议俄罗斯人不要前往“动荡不安的”欧洲度新年，而是希望他们前往高加索和贝加尔湖度新年。,车臣共和国总统卡德罗夫在Telegram上写道：建议俄罗斯人不要前往“动荡不安的”欧洲度新年，而是希望他们前往高加索和贝加尔湖度新年。,http://sputniknews.cn/images/102368/67/1023686763.jpg;http://sputniknews.cn/images/101724/22/1017242208.jpg,http://sputniknews.cn/russia/201711181024077779/,,,None,unknown,0,0,"dead:0, hurt:0"
44,2018-01-08 23:02,俄国防部：恐怖分子企图使用13架无人机袭击俄驻叙军事设施,俄罗斯卫星通讯社莫斯科1月8日电 俄罗斯国防部信息和大众传媒司发布消息称，1月6日凌晨驻叙利亚境内的俄军防空系统发现13个小型的空中目标，它们正在接近俄罗斯军事设施。,俄罗斯卫星通讯社莫斯科1月8日电 俄罗斯国防部信息和大众传媒司发布消息称，1月6日凌晨驻叙利亚境内的俄军防空系统发现13个小型的空中目标，它们正在接近俄罗斯军事设施。,http://sputniknews.cn/images/102364/32/1023643287.jpg;http://sputniknews.cn/images/102394/78/1023947871.jpg,http://sputniknews.cn/military/201801081024435939/,,,None,unknown,0,0,"dead:0, hurt:0"
45,2017-07-17 16:57,欧洲理事会：欧盟制裁16名与化武攻击有关的叙利亚人,俄罗斯卫星通讯社布鲁塞尔7月17日电 欧洲理事会发布消息称，欧盟7月17日做出决定，制裁16名叙利亚军人和科学家。欧盟指责这些人涉及化武攻击。,俄罗斯卫星通讯社布鲁塞尔7月17日电 欧洲理事会发布消息称，欧盟7月17日做出决定，制裁16名叙利亚军人和科学家。欧盟指责这些人涉及化武攻击。,http://sputniknews.cn/images/102313/03/1023130381.jpg;http://sputniknews.cn/images/102310/72/1023107239.jpg,http://sputniknews.cn/politics/201707171023130021/,,,None,unknown,0,0,"dead:0, hurt:0"
46,2017-12-23 14:46,驾驶车辆在墨尔本撞伤行人的犯罪嫌疑人以蓄意杀人罪被起诉,据美国广播公司电视台消息，澳大利亚法庭宣布，驾驶车辆在墨尔本撞伤行人的犯罪嫌疑人以蓄意杀人罪被起诉，事件造成19人受伤。,据美国广播公司电视台消息，澳大利亚法庭宣布，驾驶车辆在墨尔本撞伤行人的犯罪嫌疑人以蓄意杀人罪被起诉，事件造成19人受伤。,http://sputniknews.cn/images/102434/43/1024344386.jpg;http://sputniknews.cn/images/102433/83/1024338315.jpg,http://sputniknews.cn/society/201712231024344452/,,,None,unknown,0,0,"dead:0, hurt:0"
47,2017-08-22 12:27,联合国：叙利亚拉卡市2.5万人处于危险状态,联合国秘书长发言人斯特凡纳•迪雅里克（Stephane Dujarric）周一表示，从“伊斯兰国”（在俄被禁恐怖组织）武装分子手中解放叙利亚拉卡市的行动仍在继续，该市2.5万名居民处于危险状态。,联合国秘书长发言人斯特凡纳•迪雅里克（Stephane Dujarric）周一表示，从“伊斯兰国”（在俄被禁恐怖组织）武装分子手中解放叙利亚拉卡市的行动仍在继续，该市2.5万名居民处于危险状态。,http://sputniknews.cn/images/102312/46/1023124604.jpg;http://sputniknews.cn/images/102281/95/1022819535.jpg,http://sputniknews.cn/military/201708221023417131/,,,None,unknown,0,0,"dead:0, hurt:0"
48,2017-06-19 22:09,美国最新式驱逐舰到底行不行？,美国海军“菲兹杰拉德”号导弹驱逐舰与悬挂菲律宾国旗的ACX Crystal号货轮在伊豆半岛不远处相撞。此事颇具关注且引发争论。俄罗斯政治学家德米特里·维尔霍图罗夫对此进行了评论。,美国海军“菲兹杰拉德”号导弹驱逐舰与悬挂菲律宾国旗的ACX Crystal号货轮在伊豆半岛不远处相撞。此事颇具关注且引发争论。俄罗斯政治学家德米特里·维尔霍图罗夫对此进行了评论。,http://sputniknews.cn/images/102289/57/1022895744.jpg;http://sputniknews.cn/images/102288/72/1022887275.jpg,http://sputniknews.cn/opinion/201706191022895773/,,,None,unknown,0,0,"dead:0, hurt:0"
49,2017-12-23 15:46,美媒：策划恐袭嫌疑人是前海军陆战队员,俄罗斯卫星通讯社莫斯科12月23日电 美国CBS电视台报道，联邦调查局锁定计划在圣诞期间实施恐袭的嫌疑人曾在美国海军陆战队工作。,俄罗斯卫星通讯社莫斯科12月23日电 美国CBS电视台报道，联邦调查局锁定计划在圣诞期间实施恐袭的嫌疑人曾在美国海军陆战队工作。,http://sputniknews.cn/images/102419/94/1024199442.jpg;http://sputniknews.cn/images/102056/84/1020568401.jpg,http://sputniknews.cn/politics/201712231024344795/,,,None,unknown,0,0,"dead:0, hurt:0"
50,2017-06-24 22:55,摩苏尔仅剩不足200名伊斯兰国恐怖分子，伊拉克军队准备进行决定性战役,据阿拉伯卫星电视台消息，伊拉克摩苏尔仅剩不足200名伊斯兰国恐怖分子在当地进行防御，伊拉克军队准备对市中心进行决定性突击。,据阿拉伯卫星电视台消息，伊拉克摩苏尔仅剩不足200名伊斯兰国恐怖分子在当地进行防御，伊拉克军队准备对市中心进行决定性突击。,http://sputniknews.cn/images/102294/14/1022941418.jpg;http://sputniknews.cn/images/101998/75/1019987532.jpg,http://sputniknews.cn/military/201706241022941375/,,,None,unknown,0,0,"dead:0, hurt:0"
51,2018-01-29 16:15,中国外交部：中方强烈谴责阿富汗喀布尔27日发生的袭击事件,俄罗斯卫星通讯社北京1月29日电 中国外交部新闻发言人华春莹29日在例行记者会上表示，中方强烈谴责阿富汗喀布尔27日发生的袭击事件。,俄罗斯卫星通讯社北京1月29日电 中国外交部新闻发言人华春莹29日在例行记者会上表示，中方强烈谴责阿富汗喀布尔27日发生的袭击事件。,http://sputniknews.cn/images/102458/30/1024583014.jpg;http://sputniknews.cn/images/102457/91/1024579114.jpg,http://sputniknews.cn/military/201801291024583042/,,,,unknown,0,0,"dead:0, hurt:0"
52,2017-11-11 02:35,法国内政部：法国南部开车冲撞中国学生司机的动机尚未查明,俄罗斯卫星通讯社莫斯科11月10日电 法国内政部部长科隆表示，调查人员正在研究司机开车在法国南部冲撞行人的动机。,俄罗斯卫星通讯社莫斯科11月10日电 法国内政部部长科隆表示，调查人员正在研究司机开车在法国南部冲撞行人的动机。,http://sputniknews.cn/images/102402/30/1024023021.jpg;http://sputniknews.cn/images/102402/28/1024022889.jpg,http://sputniknews.cn/china/201711111024023062/,,,None,unknown,0,0,"dead:0, hurt:0"
53,2017-06-11 17:05,伊朗再捕6名德黑兰恐袭嫌犯,俄罗斯卫星通讯社莫斯科6月11日电 据伊朗法尔斯通讯社（FARS）报道，伊朗当局称又逮捕了6名德黑兰恐袭嫌犯。,俄罗斯卫星通讯社莫斯科6月11日电 据伊朗法尔斯通讯社（FARS）报道，伊朗当局称又逮捕了6名德黑兰恐袭嫌犯。,http://sputniknews.cn/images/102280/58/1022805887.jpg;http://sputniknews.cn/images/102282/81/1022828171.jpg,http://sputniknews.cn/politics/201706111022835800/,,,None,unknown,0,0,"dead:0, hurt:0"
54,2018-02-27 21:04,专家：瓜达尔港 - 中国提升全球影响力的王牌,"安全问题实际上无论如何不会影响中国经济走廊的建设以及瓜达尔港的扩建，卫星通讯社受访专家认为。他们在评论彭博社所谓的中国在巴旗舰项目地区的严重安全问题造成的""恐惧气氛""时得出上述结论。香港和新加坡媒体也都转载了彭博社的此篇文章。","安全问题实际上无论如何不会影响中国经济走廊的建设以及瓜达尔港的扩建，卫星通讯社受访专家认为。他们在评论彭博社所谓的中国在巴旗舰项目地区的严重安全问题造成的""恐惧气氛""时得出上述结论。香港和新加坡媒体也都转载了彭博社的此篇文章。",http://sputniknews.cn/images/101446/51/1014465168.jpg;http://sputniknews.cn/images/102134/18/1021341804.jpg,http://sputniknews.cn/opinion/201802271024803556/,,,None,unknown,0,0,"dead:0, hurt:0"
55,2017-10-08 21:51,埃及法院判处13名极端组织成员死刑,"据埃及《金字塔报》消息，开罗刑事法院星期日判处参与开罗袭警事件的极端恐怖组织""Agnad Misr""（""埃及士兵""）13名武装分子死刑。","据埃及《金字塔报》消息，开罗刑事法院星期日判处参与开罗袭警事件的极端恐怖组织""Agnad Misr""（""埃及士兵""）13名武装分子死刑。",http://sputniknews.cn/images/102376/38/1023763832.jpg;http://sputniknews.cn/images/101552/57/1015525750.jpg,http://sputniknews.cn/society/201710081023763795/,,,None,unknown,0,0,"dead:0, hurt:0"
56,2017-08-18 15:55,俄旅游署：一俄公民在巴塞罗那恐袭中受伤,俄罗斯卫星通讯社莫斯科8月18日电 俄罗斯旅游署新闻处负责人叶甫盖尼·盖瓦表示，一名俄女性公民在17日巴塞罗那发生的恐怖袭击中受轻伤。,俄罗斯卫星通讯社莫斯科8月18日电 俄罗斯旅游署新闻处负责人叶甫盖尼·盖瓦表示，一名俄女性公民在17日巴塞罗那发生的恐怖袭击中受轻伤。,http://sputniknews.cn/images/102338/97/1023389749.jpg;http://sputniknews.cn/images/102338/98/1023389851.jpg,http://sputniknews.cn/society/201708181023393574/,,,,unknown,0,0,"dead:0, hurt:0"
57,2017-09-16 13:50,英国恐怖威胁级已升至最高级“危急”,俄罗斯卫星通讯社伦敦9月16日电 英国恐怖威胁等级已在半年内第2次从严重提升至最高的危急等级。,俄罗斯卫星通讯社伦敦9月16日电 英国恐怖威胁等级已在半年内第2次从严重提升至最高的危急等级。,http://sputniknews.cn/images/102361/19/1023611919.jpg;http://sputniknews.cn/images/102268/97/1022689752.jpg,http://sputniknews.cn/society/201709161023613631/,,,None,unknown,0,0,"dead:0, hurt:0"
58,2018-01-11 21:06,俄军总参谋部：攻击俄驻叙军事基地的6架无人机被用电子战手段击落,俄军总参谋部称，攻击俄驻叙军事基地的6架无人机被用电子战手段击落。,俄军总参谋部称，攻击俄驻叙军事基地的6架无人机被用电子战手段击落。,http://sputniknews.cn/images/102444/55/1024445571.jpg;http://sputniknews.cn/images/102445/12/1024451294.png,http://sputniknews.cn/military/201801111024460455/,,,None,unknown,0,0,"dead:0, hurt:0"
59,2018-01-05 20:05,巴外交部：巴基斯坦谴责造成20人死亡的喀布尔恐袭,俄罗斯卫星通讯社新德里1月5日 据巴基斯坦外交部1月5日发布的消息称，伊斯兰堡强烈谴责在喀布尔最新发生的恐怖袭击，恐袭造成至少20人死亡。,俄罗斯卫星通讯社新德里1月5日 据巴基斯坦外交部1月5日发布的消息称，伊斯兰堡强烈谴责在喀布尔最新发生的恐怖袭击，恐袭造成至少20人死亡。,http://sputniknews.cn/images/102437/85/1024378517.jpg;http://sputniknews.cn/images/102442/15/1024421539.jpg,http://sputniknews.cn/politics/201801051024423657/,,,,unknown,0,0,"dead:0, hurt:0"
60,2017-09-12 14:59,白宫前官员认为伊朗是比逊尼派圣战组织更大的威胁,俄罗斯卫星通讯社特拉维夫9月12日电   美国总统前副助理塞巴斯蒂安·戈尔卡称伊朗所扶植的“什叶派圣战”组织是比伊斯兰教逊尼派的激进派别更大的安全问题，后者的追随者制造了2001年的“911”恐怖袭击。,俄罗斯卫星通讯社特拉维夫9月12日电   美国总统前副助理塞巴斯蒂安·戈尔卡称伊朗所扶植的“什叶派圣战”组织是比伊斯兰教逊尼派的激进派别更大的安全问题，后者的追随者制造了2001年的“911”恐怖袭击。,http://sputniknews.cn/images/102192/87/1021928712.jpg;http://sputniknews.cn/images/102208/31/1022083128.jpg,http://sputniknews.cn/politics/201709121023577620/,,,None,unknown,0,0,"dead:0, hurt:0"
61,2017-08-21 16:35,媒体：巴塞罗那恐袭嫌疑人经波盖利亚市场逃离犯罪现场,俄罗斯俄罗斯卫星通讯社莫斯科8月21日电  据加泰罗尼亚警方在推特上发布的消息称，当地警方已查明数日前驾驶面包车在巴塞罗那市内冲向人群的司机身份。,俄罗斯俄罗斯卫星通讯社莫斯科8月21日电  据加泰罗尼亚警方在推特上发布的消息称，当地警方已查明数日前驾驶面包车在巴塞罗那市内冲向人群的司机身份。,http://sputniknews.cn/images/102341/02/1023410214.jpg;http://sputniknews.cn/images/102339/50/1023395090.jpg,http://sputniknews.cn/society/201708211023410300/,,,None,unknown,0,0,"dead:0, hurt:0"
62,2017-06-24 21:50,媒体公布恐怖分子在麦加的计划,据“阿德日里”(Trail mix)新闻网援引沙特阿拉伯军方消息表示，沙特阿拉伯军方于星期五晚上在麦加和吉达城制服了一队恐怖分子，这些恐怖分子原计划在麦加禁寺(麦加大清真寺)朝觐期间实施爆炸。,据“阿德日里”(Trail mix)新闻网援引沙特阿拉伯军方消息表示，沙特阿拉伯军方于星期五晚上在麦加和吉达城制服了一队恐怖分子，这些恐怖分子原计划在麦加禁寺(麦加大清真寺)朝觐期间实施爆炸。,http://sputniknews.cn/images/102294/11/1022941120.jpg;http://sputniknews.cn/images/102293/93/1022939305.jpg,http://sputniknews.cn/politics/201706241022941076/,,,None,unknown,0,0,"dead:0, hurt:0"
63,2017-12-29 03:28,导致俄大使科尔洛夫被枪杀的土耳其画展主办者被捕,据土耳其报纸《自由报》消息，导致俄罗斯驻土耳其大使安德烈·卡尔洛夫被枪杀的土耳其美术展主办者穆斯塔法·帖木儿·厄兹坎被捕。,据土耳其报纸《自由报》消息，导致俄罗斯驻土耳其大使安德烈·卡尔洛夫被枪杀的土耳其美术展主办者穆斯塔法·帖木儿·厄兹坎被捕。,http://sputniknews.cn/images/102172/35/1021723570.jpg;http://sputniknews.cn/images/102143/78/1021437841.jpg,http://sputniknews.cn/russia/201712291024382580/,,,None,unknown,0,0,"dead:0, hurt:0"
64,2017-11-01 08:25,媒体：纽约撞人司机自乌兹别克斯坦抵美,俄罗斯卫星通讯社纽约11月1日电 CNN电视台援引消息人士的话报道称，纽约驾车撞人卡车司机从乌兹别克斯坦来到美国。,俄罗斯卫星通讯社纽约11月1日电 CNN电视台援引消息人士的话报道称，纽约驾车撞人卡车司机从乌兹别克斯坦来到美国。,http://sputniknews.cn/images/102393/66/1023936610.jpg;http://sputniknews.cn/images/102393/64/1023936418.jpg,http://sputniknews.cn/society/201711011023936620/,,,None,unknown,0,0,"dead:0, hurt:0"
65,2018-01-03 23:21,阿富汗情报部门抓获13名企图实施恐袭的伊斯兰国恐怖分子,俄罗斯卫星通讯社喀布尔1月3日电 阿富汗政府破获一个准备喀布尔实施恐怖活动的伊斯兰国恐怖组织（在俄被禁止）团伙，并在首都一个民宅内抓获13名恐怖分子。,俄罗斯卫星通讯社喀布尔1月3日电 阿富汗政府破获一个准备喀布尔实施恐怖活动的伊斯兰国恐怖组织（在俄被禁止）团伙，并在首都一个民宅内抓获13名恐怖分子。,http://sputniknews.cn/images/102336/81/1023368170.jpg;http://sputniknews.cn/images/102440/80/1024408004.jpg,http://sputniknews.cn/military/201801031024413528/,,,None,unknown,0,0,"dead:0, hurt:0"
66,2017-12-27 13:34,东南亚专家记录到数起使用比特币的可疑交易,俄罗斯卫星通讯社莫斯科12月27日电  据《海峡时报》（Straits Times）援引东南亚国家金融情报专家的话称，最近记录到数起使用比特币的可疑交易。,俄罗斯卫星通讯社莫斯科12月27日电  据《海峡时报》（Straits Times）援引东南亚国家金融情报专家的话称，最近记录到数起使用比特币的可疑交易。,http://sputniknews.cn/images/102357/09/1023570989.jpg;http://sputniknews.cn/images/102436/17/1024361749.jpg,http://sputniknews.cn/economics/201712271024368230/,,,None,unknown,0,0,"dead:0, hurt:0"
67,2017-11-16 07:07,媒体：六名土耳其机场恐袭案嫌疑人获准具结保释,俄罗斯卫星通讯社安卡拉电 据土耳其阿纳多卢通讯社(Anadolu)报道，伊斯坦布尔法院裁定，六名伊斯坦布尔机场恐袭案的嫌疑人获准保释，条件是签署具结不离居住地的保证书。,俄罗斯卫星通讯社安卡拉电 据土耳其阿纳多卢通讯社(Anadolu)报道，伊斯坦布尔法院裁定，六名伊斯坦布尔机场恐袭案的嫌疑人获准保释，条件是签署具结不离居住地的保证书。,http://sputniknews.cn/images/101988/42/1019884277.jpg;http://sputniknews.cn/images/101988/16/1019881652.jpg,http://sputniknews.cn/society/201711161024061415/,,,None,unknown,0,0,"dead:0, hurt:0"
68,2017-12-09 16:18,特朗普认为俄罗斯和伊朗介入叙利亚局势的原因在于奥巴马,俄罗斯卫星通讯社华盛顿12月9日电 美国总统特朗普认为，俄罗斯和伊朗介入叙利亚局势的原因在于前任总统奥巴马。,俄罗斯卫星通讯社华盛顿12月9日电 美国总统特朗普认为，俄罗斯和伊朗介入叙利亚局势的原因在于前任总统奥巴马。,http://sputniknews.cn/images/102163/30/1021633094.jpg;http://sputniknews.cn/images/102136/78/1021367833.jpg,http://sputniknews.cn/politics/201712091024243789/,,,None,unknown,0,0,"dead:0, hurt:0"
69,2017-08-19 13:52,加泰罗尼亚政府：15名巴塞罗那恐袭伤者情况危急,俄罗斯卫星通讯社莫斯科8月19日电 西班牙加泰罗尼亚自治区政府发布消息称，目前尚有59名在巴塞罗那市中心恐怖袭击中受伤的人员住院治疗，其中15人伤势严重。,俄罗斯卫星通讯社莫斯科8月19日电 西班牙加泰罗尼亚自治区政府发布消息称，目前尚有59名在巴塞罗那市中心恐怖袭击中受伤的人员住院治疗，其中15人伤势严重。,http://sputniknews.cn/images/102339/01/1023390156.jpg;http://sputniknews.cn/images/102339/00/1023390005.jpg,http://sputniknews.cn/politics/201708191023400484/,,,None,unknown,0,0,"dead:0, hurt:0"
70,2018-02-25 14:15,叙利亚强力人员在大马士革阻止一起汽车炸弹爆炸事件,俄罗斯卫星通讯社大马士革2月25日电 据俄罗斯卫星通讯社记者报道，叙利亚共和国卫队士兵们在大马士革省由Jobar地区向Al-Qaboun地区方向，阻止一起试图引爆满载炸药汽车的袭击事件。,俄罗斯卫星通讯社大马士革2月25日电 据俄罗斯卫星通讯社记者报道，叙利亚共和国卫队士兵们在大马士革省由Jobar地区向Al-Qaboun地区方向，阻止一起试图引爆满载炸药汽车的袭击事件。,http://sputniknews.cn/images/102413/10/1024131078.jpg;http://sputniknews.cn/images/102319/64/1023196438.jpg,http://sputniknews.cn/military/201802251024786892/,,,None,unknown,0,0,"dead:0, hurt:0"
71,2017-08-19 22:17,加泰罗尼亚警方未证实实施恐袭的团伙被消灭,俄罗斯卫星通讯社莫斯科8月19日电 加泰罗尼亚执法机构代表阿尔贝特·奥利瓦表示。不能确认在巴塞罗那和坎布里尔斯实施恐怖袭击的恐怖主义团伙被消灭。,俄罗斯卫星通讯社莫斯科8月19日电 加泰罗尼亚执法机构代表阿尔贝特·奥利瓦表示。不能确认在巴塞罗那和坎布里尔斯实施恐怖袭击的恐怖主义团伙被消灭。,http://sputniknews.cn/images/102339/83/1023398396.jpg;http://sputniknews.cn/images/102340/21/1023402137.jpg,http://sputniknews.cn/society/201708191023403059/,,,None,unknown,0,0,"dead:0, hurt:0"
72,2017-07-18 06:39,伊朗外长：怀疑有关在汉谢洪使用化武的信息是否经过核查,俄罗斯卫星通讯社纽约7月18日电 据伊朗外长扎里夫表示，该国怀疑美国有关叙利亚汉谢洪使用化武的声明是否经过了核查。,俄罗斯卫星通讯社纽约7月18日电 据伊朗外长扎里夫表示，该国怀疑美国有关叙利亚汉谢洪使用化武的声明是否经过了核查。,http://sputniknews.cn/images/102226/64/1022266483.jpg;http://sputniknews.cn/images/101846/03/1018460334.jpg,http://sputniknews.cn/politics/201707181023138301/,,,None,unknown,0,0,"dead:0, hurt:0"
73,2017-08-08 09:16,外媒：黑客攻击约40个委内瑞拉国家机关网站,俄罗斯卫星通讯社莫斯科8月8日电 据路透社报道称，黑客阻塞了近40个委内瑞拉国家机关网站，以显示对派拉麦凯（Paramacay）军事基地袭击实施者的支持。,俄罗斯卫星通讯社莫斯科8月8日电 据路透社报道称，黑客阻塞了近40个委内瑞拉国家机关网站，以显示对派拉麦凯（Paramacay）军事基地袭击实施者的支持。,http://sputniknews.cn/images/101752/17/1017521755.jpg;http://sputniknews.cn/images/102328/75/1023287588.jpg,http://sputniknews.cn/society/201708081023307192/,,,None,unknown,0,0,"dead:0, hurt:0"
74,2017-10-04 22:43,“美国军事代表团”区域内的伊斯兰国组织恐怖分子袭击了叙利亚政府军,俄罗斯国防部发言人伊戈里·科纳申科夫少将声明，叙利亚政府军遭受到了一系列来自“美国军事代表团”区域的由伊斯兰国组织(伊斯兰国组织是在俄罗斯被禁的组织)恐怖分子进行的袭击。,俄罗斯国防部发言人伊戈里·科纳申科夫少将声明，叙利亚政府军遭受到了一系列来自“美国军事代表团”区域的由伊斯兰国组织(伊斯兰国组织是在俄罗斯被禁的组织)恐怖分子进行的袭击。,http://sputniknews.cn/images/102369/17/1023691765.jpg;http://sputniknews.cn/images/102287/87/1022878792.jpg,http://sputniknews.cn/military/201710041023736608/,,,None,unknown,0,0,"dead:0, hurt:0"
75,2017-08-18 08:48,西加泰罗尼亚警方：坎布里尔斯市消灭几名策划新恐袭的恐怖分子,俄罗斯卫星通讯社马德里8月18日电 西班牙加泰罗尼亚警方证实，在坎布里尔斯市消灭了几名准备实施新恐袭的恐怖分子。,俄罗斯卫星通讯社马德里8月18日电 西班牙加泰罗尼亚警方证实，在坎布里尔斯市消灭了几名准备实施新恐袭的恐怖分子。,http://sputniknews.cn/images/102339/03/1023390370.jpg;http://sputniknews.cn/images/102339/01/1023390142.jpg,http://sputniknews.cn/society/201708181023390310/,,,None,unknown,0,0,"dead:0, hurt:0"
76,2017-11-07 19:58,三分之二的美国人担心遭黑客攻击,俄罗斯卫星通讯社莫斯科11月7日电 盖洛普民意调查公司的一项民调显示，相较于车辆失窃或住宅被盗等常见犯罪，美国人更担心网络攻击。逾三分之二（67%）的美国人表示，担心成为黑客攻击对象。,俄罗斯卫星通讯社莫斯科11月7日电 盖洛普民意调查公司的一项民调显示，相较于车辆失窃或住宅被盗等常见犯罪，美国人更担心网络攻击。逾三分之二（67%）的美国人表示，担心成为黑客攻击对象。,http://sputniknews.cn/images/102095/76/1020957660.jpg;http://sputniknews.cn/images/102388/35/1023883514.jpg,http://sputniknews.cn/society/201711071023989522/,,,None,unknown,0,0,"dead:0, hurt:0"
77,2018-02-05 17:25,俄驻喀布尔使馆附近挫败一起恐袭企图,俄罗斯卫星通讯社莫斯科2月5日电 俄罗斯卫星通讯社记者援引消息人士的话报道称，俄罗斯驻阿富汗首都喀布尔大使馆附近一起恐怖袭击企图被挫败。,俄罗斯卫星通讯社莫斯科2月5日电 俄罗斯卫星通讯社记者援引消息人士的话报道称，俄罗斯驻阿富汗首都喀布尔大使馆附近一起恐怖袭击企图被挫败。,http://sputniknews.cn/images/101726/55/1017265567.jpg;http://sputniknews.cn/images/102458/23/1024582359.jpg,http://sputniknews.cn/military/201802051024635108/,,,None,unknown,0,0,"dead:0, hurt:0"
78,2017-06-28 10:24,中国驻吉尔吉斯斯坦大使馆爆炸组织从犯获刑10和18年,俄罗斯卫星通讯社比什凯克6月28日电 据卫星通讯社记者报道称，吉尔吉斯斯坦五一区法院判处自杀式袭击者实施的中国驻比什凯克大使馆爆炸组织从犯10年和18年加强制度劳改。,俄罗斯卫星通讯社比什凯克6月28日电 据卫星通讯社记者报道称，吉尔吉斯斯坦五一区法院判处自杀式袭击者实施的中国驻比什凯克大使馆爆炸组织从犯10年和18年加强制度劳改。,http://sputniknews.cn/images/102062/00/1020620052.jpg;http://sputniknews.cn/images/102061/97/1020619715.jpg,http://sputniknews.cn/society/201706281022963964/,,,None,unknown,0,0,"dead:0, hurt:0"
79,2018-03-06 15:20,2013年以来哈萨克斯坦预防近40起恐怖袭击事件,俄罗斯卫星通讯社阿斯塔纳3月6日电 哈萨克斯坦国家安全委员会6日发布消息表示，自2013年以来，该国成功阻止38起恐怖主义攻击。,俄罗斯卫星通讯社阿斯塔纳3月6日电 哈萨克斯坦国家安全委员会6日发布消息表示，自2013年以来，该国成功阻止38起恐怖主义攻击。,http://sputniknews.cn/images/102073/71/1020737191.jpg;http://sputniknews.cn/images/101800/29/1018002958.jpg,http://sputniknews.cn/society/201803061024854335/,,,None,unknown,0,0,"dead:0, hurt:0"
80,2017-08-18 21:11,西班牙警方：4名被拘留的加泰罗尼亚恐袭涉案嫌疑人中，3人来自摩洛哥，1人来自西班牙,西班牙警方表示，4名被拘留的加泰罗尼亚恐袭涉案嫌疑人中，3人来自摩洛哥，1人来自西班牙。,西班牙警方表示，4名被拘留的加泰罗尼亚恐袭涉案嫌疑人中，3人来自摩洛哥，1人来自西班牙。,http://sputniknews.cn/images/102339/74/1023397406.jpg;http://sputniknews.cn/images/102339/50/1023395090.jpg,http://sputniknews.cn/politics/201708181023397142/,,,None,unknown,0,0,"dead:0, hurt:0"
81,2017-10-19 14:44,美国司法部长：该国不排除战胜“伊斯兰国”后恐怖主义威胁增加的可能,俄罗斯卫星通讯社华盛顿10月19日电 美国司法部长杰夫∙塞申斯18日在该国国会参议院法律委员会的听证会上表示，在战胜恐怖组织“伊斯兰国”后，美国不排除恐怖主义威胁增加的可能性。,俄罗斯卫星通讯社华盛顿10月19日电 美国司法部长杰夫∙塞申斯18日在该国国会参议院法律委员会的听证会上表示，在战胜恐怖组织“伊斯兰国”后，美国不排除恐怖主义威胁增加的可能性。,http://sputniknews.cn/images/101937/07/1019370774.jpg;http://sputniknews.cn/images/102339/97/1023399713.jpg,http://sputniknews.cn/politics/201710191023845621/,,,None,unknown,0,0,"dead:0, hurt:0"
82,2017-12-17 01:53,在圣彼得堡逮捕一名预谋实施恐怖行为的共犯,据圣彼得堡市法庭联合新闻办公室消息，圣彼得堡市维堡区法庭星期六批准逮捕一名涉嫌预谋在喀山主教座堂进行恐怖活动的男子， 该男子是预谋实施恐怖行为的一名共犯。,据圣彼得堡市法庭联合新闻办公室消息，圣彼得堡市维堡区法庭星期六批准逮捕一名涉嫌预谋在喀山主教座堂进行恐怖活动的男子， 该男子是预谋实施恐怖行为的一名共犯。,http://sputniknews.cn/images/102287/56/1022875633.jpg;http://sputniknews.cn/images/102130/87/1021308721.jpg,http://sputniknews.cn/russia/201712171024300258/,,,None,unknown,0,0,"dead:0, hurt:0"
83,2018-02-06 21:19,阿富汗7名高级军官在军校遇袭事件调查中被解职,俄罗斯卫星通讯社莫斯科2月6日电 阿富汗包括2名大将在内的7名高级军官在针对首都喀布尔军事学院遇袭事件的调查中被解职。,俄罗斯卫星通讯社莫斯科2月6日电 阿富汗包括2名大将在内的7名高级军官在针对首都喀布尔军事学院遇袭事件的调查中被解职。,http://sputniknews.cn/images/102464/91/1024649183.jpg;http://sputniknews.cn/images/102457/91/1024579114.jpg,http://sputniknews.cn/military/201802061024649201/,,,None,unknown,0,0,"dead:0, hurt:0"
84,2018-02-13 19:01,印度警方：该国北部军营遭袭致死亡人数升至10人,俄罗斯卫星通讯社新德里2月13日电 印度查谟-克什米尔邦警方13日发布消息表示，该邦恐怖分子袭击军营造成死亡人数升至10人。,俄罗斯卫星通讯社新德里2月13日电 印度查谟-克什米尔邦警方13日发布消息表示，该邦恐怖分子袭击军营造成死亡人数升至10人。,http://sputniknews.cn/images/102126/90/1021269015.jpg;http://sputniknews.cn/images/102439/75/1024397534.jpg,http://sputniknews.cn/society/201802131024706390/,,,None,unknown,0,0,"dead:0, hurt:0"
85,2017-09-13 21:26,埃及军队西奈防恐行动造成恐怖分子5死2伤,俄罗斯卫星通讯社开罗9月13日电 埃及军队13日公布的声明中显示，军队在西奈半岛北部一检查站的防恐行动中歼灭5名恐怖分子，另有2名恐怖分子受伤被捕。,俄罗斯卫星通讯社开罗9月13日电 埃及军队13日公布的声明中显示，军队在西奈半岛北部一检查站的防恐行动中歼灭5名恐怖分子，另有2名恐怖分子受伤被捕。,http://sputniknews.cn/images/102359/10/1023591031.jpg;http://sputniknews.cn/images/102311/95/1023119587.jpg,http://sputniknews.cn/politics/201709131023590711/,,,None,unknown,0,0,"dead:0, hurt:0"
86,2017-12-15 23:35,俄罗斯和埃及签署了恢复航班的文件,据俄罗斯卫星通讯社记者报道，俄罗斯和埃及周五在莫斯科签署了恢复于2015年秋中断的两国航班的文件。这里指的是莫斯科和开罗之间定期航班的恢复。,据俄罗斯卫星通讯社记者报道，俄罗斯和埃及周五在莫斯科签署了恢复于2015年秋中断的两国航班的文件。这里指的是莫斯科和开罗之间定期航班的恢复。,http://sputniknews.cn/images/101937/77/1019377738.jpg;http://sputniknews.cn/images/102106/74/1021067490.jpg,http://sputniknews.cn/society/201712151024295956/,,,None,unknown,0,0,"dead:0, hurt:0"
87,2017-12-30 01:11,消息人士：埃及因加强节前安全措施避免教堂恐袭规模扩大,俄罗斯卫星通讯社开罗12月29日电 埃及安全部门消息人士向卫星通讯社透露，埃及因在圣诞节和新年到来前大力加强安全措施，避免了教堂恐袭事件规模进一步扩大。,俄罗斯卫星通讯社开罗12月29日电 埃及安全部门消息人士向卫星通讯社透露，埃及因在圣诞节和新年到来前大力加强安全措施，避免了教堂恐袭事件规模进一步扩大。,http://sputniknews.cn/images/102439/07/1024390793.jpg;http://sputniknews.cn/images/101711/55/1017115525.jpg,http://sputniknews.cn/politics/201712301024390694/,,,None,unknown,0,0,"dead:0, hurt:0"
88,2017-12-30 14:22,媒体：“伊斯兰国”已表示对圣彼得堡超市爆炸案负责,俄罗斯卫星通讯社莫斯科12月30日电 据专门监督极端组织在社交媒体上动态的赛德情报集团（SITE Intelligence Group）和路透社发布消息称，恐怖组织“伊斯兰国”声称对俄罗斯圣彼得堡超市爆炸案负责，该案造成18人受伤。,俄罗斯卫星通讯社莫斯科12月30日电 据专门监督极端组织在社交媒体上动态的赛德情报集团（SITE Intelligence Group）和路透社发布消息称，恐怖组织“伊斯兰国”声称对俄罗斯圣彼得堡超市爆炸案负责，该案造成18人受伤。,http://sputniknews.cn/images/102437/79/1024377999.jpg;http://sputniknews.cn/images/102437/52/1024375240.jpg,http://sputniknews.cn/russia/201712301024391794/,,,None,unknown,0,0,"dead:0, hurt:0"
89,2017-08-18 19:58,媒体：西班牙王室将看望巴塞罗那恐袭伤者,俄罗斯卫星通讯社莫斯科8月18日电 西班牙《先锋报》（Vanguardia）18日援引该国王室消息人士的话报道称，西班牙王室将于19日上午看望在巴塞罗那恐怖袭击中受伤的人员。,俄罗斯卫星通讯社莫斯科8月18日电 西班牙《先锋报》（Vanguardia）18日援引该国王室消息人士的话报道称，西班牙王室将于19日上午看望在巴塞罗那恐怖袭击中受伤的人员。,http://sputniknews.cn/images/102339/01/1023390156.jpg;http://sputniknews.cn/images/102339/27/1023392789.jpg,http://sputniknews.cn/politics/201708181023395888/,,,None,unknown,0,0,"dead:0, hurt:0"
90,2017-06-30 05:39,伊朗媒体发布照片 似可证明IS首领已经死亡,伊朗伊斯兰共和国广播电视台（IRIB）发布了一些照片，或可证明“伊斯兰国”恐怖组织（IS，在俄被禁组织）首领阿布·贝克尔·巴格达迪已经死亡。,伊朗伊斯兰共和国广播电视台（IRIB）发布了一些照片，或可证明“伊斯兰国”恐怖组织（IS，在俄被禁组织）首领阿布·贝克尔·巴格达迪已经死亡。,http://sputniknews.cn/images/102298/46/1022984671.jpg;http://sputniknews.cn/images/102292/65/1022926526.jpg,http://sputniknews.cn/society/201706301022985287/,,,None,unknown,0,0,"dead:0, hurt:0"
91,2017-08-18 14:50,据媒体消息，西班牙警方在加泰罗尼亚逮捕第三名恐袭嫌犯,西班牙《国家报》援引加泰罗尼亚内政部顾问华金·福恩的消息报道称，该国警方在里波尔市再逮捕一名巴塞罗那恐袭嫌犯。,西班牙《国家报》援引加泰罗尼亚内政部顾问华金·福恩的消息报道称，该国警方在里波尔市再逮捕一名巴塞罗那恐袭嫌犯。,http://sputniknews.cn/images/102339/27/1023392788.jpg;http://sputniknews.cn/images/102338/98/1023389851.jpg,http://sputniknews.cn/society/201708181023392542/,,,None,unknown,0,0,"dead:0, hurt:0"
92,2018-02-25 16:26,叙利亚军人阻止 “圣战车”在大马士革省的袭击,俄罗斯卫星通讯社莫斯科2月25日电 据卫星通讯社记者报道，叙利亚共和国卫队阻止了“圣战车”从Dzhaubar向大马士革省卡本（Kabun）飞地方向的进攻企图。,俄罗斯卫星通讯社莫斯科2月25日电 据卫星通讯社记者报道，叙利亚共和国卫队阻止了“圣战车”从Dzhaubar向大马士革省卡本（Kabun）飞地方向的进攻企图。,http://sputniknews.cn/images/102406/72/1024067251.jpg;http://sputniknews.cn/images/102397/60/1023976083.jpg,http://sputniknews.cn/military/201802251024787582/,,,None,unknown,0,0,"dead:0, hurt:0"
93,2017-08-13 18:46,媒体：英国警方怀疑40名新纳粹分子涉嫌策划针对伊斯兰教徒恐袭,俄罗斯卫星通讯社莫斯科8月13日电 《星期日泰晤士报》(Sunday Times)援引接近调查的消息人士报道，英国警方正在对40名新纳粹分子进行调查，他们涉嫌策划针对伊斯兰教徒的一系列恐怖袭击。,俄罗斯卫星通讯社莫斯科8月13日电 《星期日泰晤士报》(Sunday Times)援引接近调查的消息人士报道，英国警方正在对40名新纳粹分子进行调查，他们涉嫌策划针对伊斯兰教徒的一系列恐怖袭击。,http://sputniknews.cn/images/102215/79/1022157902.jpg;http://sputniknews.cn/images/102256/52/1022565259.jpg,http://sputniknews.cn/society/201708131023350634/,,,None,unknown,0,0,"dead:0, hurt:0"
94,2017-12-24 17:37,金正恩兄长遇刺和卡塔尔外交危机：即将逝去的2017年大事概览（上）,俄土关系正常化、密集的网络攻击、伦敦连环恐袭、俄罗斯被指干预美国选举调查……俄罗斯卫星通讯社在此为您梳理2017年的主要事件和趋势。,俄土关系正常化、密集的网络攻击、伦敦连环恐袭、俄罗斯被指干预美国选举调查……俄罗斯卫星通讯社在此为您梳理2017年的主要事件和趋势。,http://sputniknews.cn/images/102250/16/1022501665.jpg;http://sputniknews.cn/images/102153/72/1021537232.jpg,http://sputniknews.cn/politics/201712241024348910/,,,None,unknown,0,0,"dead:0, hurt:0"
95,2017-06-10 14:53,伦敦警方讲述恐怖分子冲入人群所乘卡车载物细节,俄罗斯卫星通讯社莫斯科6月10日电 伦敦警方讲述了恐怖分子冲入伦敦桥人群所乘卡车载物细节。,俄罗斯卫星通讯社莫斯科6月10日电 伦敦警方讲述了恐怖分子冲入伦敦桥人群所乘卡车载物细节。,http://sputniknews.cn/images/102215/79/1022157902.jpg;http://sputniknews.cn/images/102218/30/1022183075.jpg,http://sputniknews.cn/society/201706101022831445/,,,None,unknown,0,0,"dead:0, hurt:0"
96,2018-01-20 21:58,俄国防部：美国政府无视恐怖分子在叙境内使用化武的事实,俄罗斯卫星通讯社莫斯科1月20日电 俄罗斯国防部发布消息称，美国政府一直无视恐怖分子在叙利亚使用有毒物质攻击政府军和平民的客观事实。,俄罗斯卫星通讯社莫斯科1月20日电 俄罗斯国防部发布消息称，美国政府一直无视恐怖分子在叙利亚使用有毒物质攻击政府军和平民的客观事实。,http://sputniknews.cn/images/102452/51/1024525167.jpg;http://sputniknews.cn/images/101759/77/1017597780.jpg,http://sputniknews.cn/russia/201801201024525098/,,,None,unknown,0,0,"dead:0, hurt:0"
97,2018-01-27 22:15,电视台：喀布尔爆炸死亡人数达到95人,1TV电视台援引当地官员消息表示，阿富汗首都发生爆炸，造成至少95人死亡，158人受伤。,1TV电视台援引当地官员消息表示，阿富汗首都发生爆炸，造成至少95人死亡，158人受伤。,http://sputniknews.cn/images/102457/67/1024576789.jpg;http://sputniknews.cn/images/101905/86/1019058637.jpg,http://sputniknews.cn/politics/201801271024576817/,,,None,unknown,0,0,"dead:0, hurt:0"
98,2017-11-25 21:09,埃及国家机构：恐袭致死人数超过300人,俄罗斯卫星通讯社开罗11月25日电 据МЕНА通讯社援引国家机构的消息报道，埃及北西奈省恐怖袭击致死人数达到305人。,俄罗斯卫星通讯社开罗11月25日电 据МЕНА通讯社援引国家机构的消息报道，埃及北西奈省恐怖袭击致死人数达到305人。,http://sputniknews.cn/images/102413/29/1024132936.jpg;http://sputniknews.cn/images/102413/29/1024132937.jpg,http://sputniknews.cn/society/201711251024133078/,,,None,unknown,0,0,"dead:0, hurt:0"
99,2017-11-01 21:25,克宫称曼哈顿恐袭事件是一起悲剧,俄罗斯卫星通讯社莫斯科11月1日电 克里姆林宫表示，纽约曼哈顿发生的恐怖袭击事件是一起毫无人性的悲剧。,俄罗斯卫星通讯社莫斯科11月1日电 克里姆林宫表示，纽约曼哈顿发生的恐怖袭击事件是一起毫无人性的悲剧。,http://sputniknews.cn/images/102394/21/1023942193.jpg;http://sputniknews.cn/images/102394/48/1023944827.jpg,http://sputniknews.cn/politics/201711011023947201/,,,,unknown,0,0,"dead:0, hurt:0"
100,2018-03-06 05:54,美驻土大使馆因遭恐袭威胁将于6日继续关闭,俄罗斯卫星通讯社莫斯科电 据美国驻土耳其大使馆官网声明消息，美驻土大使馆因面临安全威胁将于6日继续停止对外开放。,俄罗斯卫星通讯社莫斯科电 据美国驻土耳其大使馆官网声明消息，美驻土大使馆因面临安全威胁将于6日继续停止对外开放。,http://sputniknews.cn/images/102374/69/1023746965.jpg;http://sputniknews.cn/images/102153/16/1021531610.jpg,http://sputniknews.cn/society/201803061024850426/,,,None,unknown,0,0,"dead:0, hurt:0"
101,2017-10-23 22:01,中国批评西方干涉缅甸内部事务,经验证明，外国干涉危机的解决，不起作用，中国支持缅甸政府维护和平与稳定的努力。这是中共中央对外联络部副部长郭亚洲在中共十九大期间讲的一番话。这位中共高官表示，中国认为，缅甸可以独立解决自己的问题。他强调，中国不会干预这个国家的事务。,经验证明，外国干涉危机的解决，不起作用，中国支持缅甸政府维护和平与稳定的努力。这是中共中央对外联络部副部长郭亚洲在中共十九大期间讲的一番话。这位中共高官表示，中国认为，缅甸可以独立解决自己的问题。他强调，中国不会干预这个国家的事务。,http://sputniknews.cn/images/102387/16/1023871680.jpg;http://sputniknews.cn/images/102384/04/1023840418.jpg,http://sputniknews.cn/opinion/201710231023873055/,,,None,unknown,0,0,"dead:0, hurt:0"
102,2017-11-22 13:00,美国提醒本国公民考虑赴沙特风险,美国驻利雅得大使馆官网称，美国提醒美国公民前往沙特阿拉伯时必须“仔细衡量风险”。,美国驻利雅得大使馆官网称，美国提醒美国公民前往沙特阿拉伯时必须“仔细衡量风险”。,http://sputniknews.cn/images/102343/85/1023438539.jpg;http://sputniknews.cn/images/101585/16/1015851614.jpg,http://sputniknews.cn/society/201711221024106321/,,,None,unknown,0,0,"dead:0, hurt:0"
103,2017-09-27 19:06,媒体：“伊斯兰国”继塔利班之后宣称对阿富汗机场火箭炮袭击事件负责,俄罗斯卫星通讯社莫斯科9月27日电 路透社报道，继激进组织塔利班之后，“伊斯兰国”恐怖组织宣称对阿富汗首都喀布尔机场火箭炮袭击事件负责，美国防长马蒂斯和北约秘书长斯托尔滕贝格当时正对喀布尔进行访问。,俄罗斯卫星通讯社莫斯科9月27日电 路透社报道，继激进组织塔利班之后，“伊斯兰国”恐怖组织宣称对阿富汗首都喀布尔机场火箭炮袭击事件负责，美国防长马蒂斯和北约秘书长斯托尔滕贝格当时正对喀布尔进行访问。,http://sputniknews.cn/images/102368/87/1023688744.jpg;http://sputniknews.cn/images/102058/29/1020582987.jpg,http://sputniknews.cn/society/201709271023688763/,,,None,unknown,0,0,"dead:0, hurt:0"
104,2017-09-14 23:38,伊拉克南部恐袭遇难人数升至50人,俄罗斯卫星通讯社巴格达9月14日电 伊拉克南部济加尔省卫生部门负责人阿里·哈利迪向记者表示，14日发生在该地区的2起恐袭事件导致遇难人数上升至50人，另有87人受伤。,俄罗斯卫星通讯社巴格达9月14日电 伊拉克南部济加尔省卫生部门负责人阿里·哈利迪向记者表示，14日发生在该地区的2起恐袭事件导致遇难人数上升至50人，另有87人受伤。,http://sputniknews.cn/images/102110/77/1021107768.jpg;http://sputniknews.cn/images/102282/81/1022828171.jpg,http://sputniknews.cn/society/201709141023601811/,,,None,unknown,0,0,"dead:0, hurt:0"
105,2018-01-09 05:32,五角大楼：袭击俄驻叙基地无人机技术在市场上很容易获取,俄罗斯卫星通讯社莫斯科电 美国五角大楼发布消息称，恐怖分子企图袭击俄罗斯驻叙军事设施使用的无人机技术以及设备在公开市场上很容易获取。,俄罗斯卫星通讯社莫斯科电 美国五角大楼发布消息称，恐怖分子企图袭击俄罗斯驻叙军事设施使用的无人机技术以及设备在公开市场上很容易获取。,http://sputniknews.cn/images/102136/88/1021368886.jpg;http://sputniknews.cn/images/101654/35/1016543589.jpg,http://sputniknews.cn/military/201801091024436638/,,,None,unknown,0,0,"dead:0, hurt:0"
106,2017-08-25 19:06,大多数美国人认为本国无法赢得阿富汗战争,俄罗斯卫星通讯社莫斯科8月25日电 美国民意调查机构拉斯穆森报告（Rasmussen Reports）的最新民调数据显示，40%的美国人认为，即使实施该国总统特朗普宣布的新战略，美国也无法在阿富汗战争中取得胜利。,俄罗斯卫星通讯社莫斯科8月25日电 美国民意调查机构拉斯穆森报告（Rasmussen Reports）的最新民调数据显示，40%的美国人认为，即使实施该国总统特朗普宣布的新战略，美国也无法在阿富汗战争中取得胜利。,http://sputniknews.cn/images/102158/54/1021585483.jpg;http://sputniknews.cn/images/102339/85/1023398520.jpg,http://sputniknews.cn/society/201708251023445982/,,,None,unknown,0,0,"dead:0, hurt:0"
107,2017-07-01 22:47,美国一家夜总会发生枪击事件17人受伤,据美联社消息，美国阿肯色州一家夜总会发生枪击事件，造成17人受伤。,据美联社消息，美国阿肯色州一家夜总会发生枪击事件，造成17人受伤。,http://sputniknews.cn/images/101604/67/1016046707.jpg;http://sputniknews.cn/images/101962/33/1019623304.jpg,http://sputniknews.cn/society/201707011022999587/,,,None,unknown,0,0,"dead:0, hurt:0"
108,2017-11-24 21:40,埃及官媒：清真寺爆炸袭击的死亡人数上升至200人,俄罗斯卫星通讯社开罗11月24日电 据埃及国家电视台援引官方消息人士报道，埃及西奈半岛北部清真寺爆炸袭击中的死亡人数上升至200人，另有120人受伤。,俄罗斯卫星通讯社开罗11月24日电 据埃及国家电视台援引官方消息人士报道，埃及西奈半岛北部清真寺爆炸袭击中的死亡人数上升至200人，另有120人受伤。,http://sputniknews.cn/images/102412/94/1024129406.jpg;http://sputniknews.cn/images/102008/39/1020083973.jpg,http://sputniknews.cn/politics/201711241024128819/,,,None,unknown,0,0,"dead:0, hurt:0"
109,2017-08-25 12:22,缅甸20余处警方路障遭武装分子袭击 致人员伤亡,俄罗斯卫星通讯社莫斯科8月25日电 路透社报道，伊斯兰罗兴亚恐怖分子们对缅甸西部若开邦的警方路障展开配合攻击。,俄罗斯卫星通讯社莫斯科8月25日电 路透社报道，伊斯兰罗兴亚恐怖分子们对缅甸西部若开邦的警方路障展开配合攻击。,http://sputniknews.cn/images/101357/35/1013573551.jpg;http://sputniknews.cn/images/101395/50/1013955083.jpg,http://sputniknews.cn/politics/201708251023441225/,,,None,unknown,0,0,"dead:0, hurt:0"
110,2018-01-03 05:48,美国常驻联合国代表：华盛顿将不会对巴基斯坦提供财政援助,俄罗斯卫星通讯社联合国电 美国常驻联合国代表黑莉表示，美国不会对巴勒斯坦提供财政援助，因为伊斯兰堡的行为“当面一套，背后一套”。,俄罗斯卫星通讯社联合国电 美国常驻联合国代表黑莉表示，美国不会对巴勒斯坦提供财政援助，因为伊斯兰堡的行为“当面一套，背后一套”。,http://sputniknews.cn/images/102176/40/1021764055.jpg;http://sputniknews.cn/images/102346/20/1023462030.jpg,http://sputniknews.cn/politics/201801031024409583/,,,None,unknown,0,0,"dead:0, hurt:0"
111,2017-10-07 17:22,美国司法部指控美国加拿大和菲律宾公民企图组织恐怖袭击,俄罗斯卫星通讯社华盛顿10月7日电 美国司法部10月6日对美国、加拿大和菲律宾公民提出控告，指控这三人企图于2016年夏天在纽约组织恐怖袭击。,俄罗斯卫星通讯社华盛顿10月7日电 美国司法部10月6日对美国、加拿大和菲律宾公民提出控告，指控这三人企图于2016年夏天在纽约组织恐怖袭击。,http://sputniknews.cn/images/102375/87/1023758773.jpg;http://sputniknews.cn/images/101658/68/1016586864.jpg,http://sputniknews.cn/politics/201710071023758791/,,,None,unknown,0,0,"dead:0, hurt:0"
112,2017-08-11 21:46,媒体： 法国激进人群自2015年11月以来增加60%,俄罗斯卫星通讯社巴黎8月11日电 据法国《费加罗报》11日报道，被该国执法部门记录有激进行为嫌疑的人群，较两年前至少增加了60%。,俄罗斯卫星通讯社巴黎8月11日电 据法国《费加罗报》11日报道，被该国执法部门记录有激进行为嫌疑的人群，较两年前至少增加了60%。,http://sputniknews.cn/images/102247/73/1022477385.jpg;http://sputniknews.cn/images/102305/37/1023053719.jpg,http://sputniknews.cn/politics/201708111023341727/,,,None,unknown,0,0,"dead:0, hurt:0"
113,2017-12-01 14:27,媒体：巴基斯坦校园恐袭致9死37伤,俄罗斯卫星通讯社莫斯科12月1日电 据巴基斯坦《黎明报(Dawn)》报道，巴基斯坦大学校园恐袭案造成至少9人遇难37人受伤。,俄罗斯卫星通讯社莫斯科12月1日电 据巴基斯坦《黎明报(Dawn)》报道，巴基斯坦大学校园恐袭案造成至少9人遇难37人受伤。,http://sputniknews.cn/images/102418/05/1024180570.jpg;http://sputniknews.cn/images/102418/03/1024180382.jpg,http://sputniknews.cn/politics/201712011024180621/,,,None,unknown,0,0,"dead:0, hurt:0"
114,2017-08-07 06:58,马杜罗：2名袭击委军事基地者被打死 1人受伤,卫星通讯社加拉加斯8月7日电 委内瑞拉总统马杜罗表示，派拉麦凯（Paramacay）基地的袭击造成2人死亡、1人受伤。,卫星通讯社加拉加斯8月7日电 委内瑞拉总统马杜罗表示，派拉麦凯（Paramacay）基地的袭击造成2人死亡、1人受伤。,http://sputniknews.cn/images/102008/45/1020084506.jpg;http://sputniknews.cn/images/102328/75/1023287588.jpg,http://sputniknews.cn/politics/201708071023295700/,,,None,unknown,0,0,"dead:0, hurt:0"
115,2017-08-23 02:16,加泰罗尼亚恐袭实施者3年前就应该被遣送出境,俄罗斯卫星通讯社莫斯科8月22日电 西班牙世界报（Mundo）援引了解调查情况的消息人士的话报道，巴塞罗那和坎布里尔斯恐袭实施者阿布德尔巴基·艾斯萨迪3年前在其监满出狱后就应该被遣送出境。,俄罗斯卫星通讯社莫斯科8月22日电 西班牙世界报（Mundo）援引了解调查情况的消息人士的话报道，巴塞罗那和坎布里尔斯恐袭实施者阿布德尔巴基·艾斯萨迪3年前在其监满出狱后就应该被遣送出境。,http://sputniknews.cn/images/102339/01/1023390156.jpg;http://sputniknews.cn/images/102340/95/1023409536.jpg,http://sputniknews.cn/politics/201708231023423771/,,,None,unknown,0,0,"dead:0, hurt:0"
116,2017-08-22 19:38,塔利班指责特朗普延长在阿富汗驻军的决定,俄罗斯卫星通讯社莫斯科8月22日电 路透社22日援引激进组织“塔利班运动”发言人的话称，塔利班指责美国总统特朗普延长在阿富汗驻军的决定。,俄罗斯卫星通讯社莫斯科8月22日电 路透社22日援引激进组织“塔利班运动”发言人的话称，塔利班指责美国总统特朗普延长在阿富汗驻军的决定。,http://sputniknews.cn/images/102234/44/1022344409.jpg;http://sputniknews.cn/images/102341/78/1023417859.jpg,http://sputniknews.cn/military/201708221023421411/,,,None,unknown,0,0,"dead:0, hurt:0"
117,2017-08-31 21:45,俄联邦安全局已拘留2名策划9月1日在莫斯科实施恐袭的中亚人,俄罗斯卫星通讯社莫斯科8月31日电 俄罗斯联邦安全局信息中心发布消息称，安全局已拘留2名策划9月1日在莫斯科实施恐袭的中亚移民。,俄罗斯卫星通讯社莫斯科8月31日电 俄罗斯联邦安全局信息中心发布消息称，安全局已拘留2名策划9月1日在莫斯科实施恐袭的中亚移民。,http://sputniknews.cn/images/102130/87/1021308720.jpg;http://sputniknews.cn/images/102291/06/1022910613.jpg,http://sputniknews.cn/politics/201708311023489052/,,,None,unknown,0,0,"dead:0, hurt:0"
118,2017-06-28 14:22,攻击委最高法院的一伙安全人员要求马杜罗辞职和举行大选,俄罗斯卫星通讯社墨西哥城6月28日电 以警官奥斯卡∙佩雷斯为首攻击最高法院的一伙委情报部门雇员要求总统马杜罗立即辞职并提前大选，他们还称展开了地面和空中部队。,俄罗斯卫星通讯社墨西哥城6月28日电 以警官奥斯卡∙佩雷斯为首攻击最高法院的一伙委情报部门雇员要求总统马杜罗立即辞职并提前大选，他们还称展开了地面和空中部队。,http://sputniknews.cn/images/101963/03/1019630384.jpg;http://sputniknews.cn/images/102296/41/1022964104.jpg,http://sputniknews.cn/politics/201706281022965979/,,,None,unknown,0,0,"dead:0, hurt:0"
119,2017-08-20 18:35,媒体：西班牙爆炸后英国加大对租赁车的检查力度,俄罗斯卫星通讯社莫斯科8月20日电 《每日电讯报》（The Daily Telegraph）报道，由于巴塞罗那发生恐袭事件，英国当局根据政府打击极端主义新计划对租赁车进行更多检查。,俄罗斯卫星通讯社莫斯科8月20日电 《每日电讯报》（The Daily Telegraph）报道，由于巴塞罗那发生恐袭事件，英国当局根据政府打击极端主义新计划对租赁车进行更多检查。,http://sputniknews.cn/images/102336/16/1023361609.jpg;http://sputniknews.cn/images/102339/93/1023399343.jpg,http://sputniknews.cn/politics/201708201023404624/,,,None,unknown,0,0,"dead:0, hurt:0"
120,2017-06-10 13:42,英警方新逮捕一参与伦敦桥恐袭嫌疑人,俄罗斯卫星通讯社莫斯科6月10日电 英国警方宣称因伦敦桥恐袭又逮捕一人。,俄罗斯卫星通讯社莫斯科6月10日电 英国警方宣称因伦敦桥恐袭又逮捕一人。,http://sputniknews.cn/images/102218/30/1022183074.jpg;http://sputniknews.cn/images/102268/78/1022687838.jpg,http://sputniknews.cn/society/201706101022831097/,,,None,unknown,0,0,"dead:0, hurt:0"
121,2017-06-15 19:52,伦敦警方不认为高层公寓楼大火源自恐怖袭击,俄罗斯卫星通讯社莫斯科6月15日电  英国伦敦警方代表斯图尔特·康提对媒体表示，他们不认为伦敦西部高层公寓楼火灾是恐怖袭击造成的。,俄罗斯卫星通讯社莫斯科6月15日电  英国伦敦警方代表斯图尔特·康提对媒体表示，他们不认为伦敦西部高层公寓楼火灾是恐怖袭击造成的。,http://sputniknews.cn/images/102285/78/1022857889.jpg;http://sputniknews.cn/images/102285/40/1022854047.jpg,http://sputniknews.cn/society/201706151022869783/,,,None,unknown,0,0,"dead:0, hurt:0"
122,2017-08-20 17:33,媒体：西班牙恐怖袭击主要策划者是加泰罗尼亚里波尔市伊玛目,俄罗斯卫星通讯社马德里8月20日电《国家报》（El País）报道，（希罗纳省）加泰罗尼亚里波尔市清真寺伊玛目、摩洛哥人萨蒂（Abdelbaki Es Satty）是西班牙恐袭的主要策划者。,俄罗斯卫星通讯社马德里8月20日电《国家报》（El País）报道，（希罗纳省）加泰罗尼亚里波尔市清真寺伊玛目、摩洛哥人萨蒂（Abdelbaki Es Satty）是西班牙恐袭的主要策划者。,http://sputniknews.cn/images/102339/93/1023399342.jpg;http://sputniknews.cn/images/102340/35/1023403569.jpg,http://sputniknews.cn/politics/201708201023404564/,,,None,unknown,0,0,"dead:0, hurt:0"
123,2017-08-16 19:51,俄安全会议秘书称俄交通基础设施仍是恐怖分子的优先袭击目标,俄罗斯卫星通讯社梁赞8月16日电 俄安全会议秘书帕特鲁舍夫表示，俄罗斯交通设施仍旧是国际恐怖分子实施袭击的优先目标。,俄罗斯卫星通讯社梁赞8月16日电 俄安全会议秘书帕特鲁舍夫表示，俄罗斯交通设施仍旧是国际恐怖分子实施袭击的优先目标。,http://sputniknews.cn/images/102291/06/1022910612.jpg;http://sputniknews.cn/images/101784/32/1017843202.jpg,http://sputniknews.cn/russia/201708161023377590/,,,None,unknown,0,0,"dead:0, hurt:0"
124,2017-06-30 15:59,中国大公司的首席执行官们相信自己却不相信世界经济,中国大型公司的首席执行官们对世界经济的前景持悲观看法，但他们对自家企业的前景持乐观态度。这是毕马威咨询公司（KPMG）对总部设在中国的１２５家全球性公司的首席执行官（СЕО）开展民调时发现的。中国问题专家、俄罗斯《生意人报》记者米哈伊尔·科罗斯季科夫为俄罗斯卫星通讯社和广播电台对毕马威咨询公司的民调结果进行了解读。,中国大型公司的首席执行官们对世界经济的前景持悲观看法，但他们对自家企业的前景持乐观态度。这是毕马威咨询公司（KPMG）对总部设在中国的１２５家全球性公司的首席执行官（СЕО）开展民调时发现的。中国问题专家、俄罗斯《生意人报》记者米哈伊尔·科罗斯季科夫为俄罗斯卫星通讯社和广播电台对毕马威咨询公司的民调结果进行了解读。,http://sputniknews.cn/images/101556/79/1015567950.jpg;http://sputniknews.cn/images/102153/94/1021539491.jpg,http://sputniknews.cn/china/201706301022982145/,,,None,unknown,0,0,"dead:0, hurt:0"
125,2017-07-24 11:45,媒体：20多人死于阿富汗首都的爆炸中,俄罗斯卫星通讯社莫斯科7月24日电 据Tolo News援引阿富汗第二副首席执行官办公室的消息称，20多人死于自杀式袭击者在喀布尔制造的爆炸中，恐怖袭击发生于副首席执行官官邸附近。,俄罗斯卫星通讯社莫斯科7月24日电 据Tolo News援引阿富汗第二副首席执行官办公室的消息称，20多人死于自杀式袭击者在喀布尔制造的爆炸中，恐怖袭击发生于副首席执行官官邸附近。,http://sputniknews.cn/images/102252/05/1022520547.jpg;http://sputniknews.cn/images/102274/67/1022746766.jpg,http://sputniknews.cn/society/201707241023187590/,,,,unknown,0,0,"dead:0, hurt:0"
126,2017-12-14 21:39,普京总统记者会持续近4小时,俄联邦总统年度大型记者会持续了3小时40分钟。在此期间，国家元首共回答了54位记者提出的73个问题。,俄联邦总统年度大型记者会持续了3小时40分钟。在此期间，国家元首共回答了54位记者提出的73个问题。,http://sputniknews.cn/images/102428/52/1024285251.jpg;http://sputniknews.cn/images/102428/61/1024286146.jpg,http://sputniknews.cn/politics/201712141024287092/,,,None,unknown,0,0,"dead:0, hurt:0"
127,2017-10-29 16:59,索马里当局逮捕造成25人死亡的酒店袭击者,俄罗斯卫星通讯社莫斯科10月29日电 索马里信息部长奥斯曼表示，索马里当局逮捕摩加迪沙酒店袭击者，这次事件造成25人死亡。,俄罗斯卫星通讯社莫斯科10月29日电 索马里信息部长奥斯曼表示，索马里当局逮捕摩加迪沙酒店袭击者，这次事件造成25人死亡。,http://sputniknews.cn/images/102391/47/1023914747.jpg;http://sputniknews.cn/images/102391/42/1023914284.jpg,http://sputniknews.cn/military/201710291023914787/,,,None,unknown,0,0,"dead:0, hurt:0"
128,2017-11-01 23:15,媒体：孟加拉航空飞行员因涉嫌策划恐袭被捕,俄罗斯卫星通讯社莫斯科11月1日电 孟加拉国Bdnews24新闻网站援引警方消息报道，孟加拉航空公司一名飞行员因涉嫌策划恐怖袭击被警方逮捕。,俄罗斯卫星通讯社莫斯科11月1日电 孟加拉国Bdnews24新闻网站援引警方消息报道，孟加拉航空公司一名飞行员因涉嫌策划恐怖袭击被警方逮捕。,http://sputniknews.cn/images/102049/81/1020498140.jpg;http://sputniknews.cn/images/102350/09/1023500905.jpg,http://sputniknews.cn/society/201711011023948169/,,,None,unknown,0,0,"dead:0, hurt:0"
129,2017-08-21 18:09,媒体：西班牙恐袭嫌犯照片曝光,Colpisa通讯社曝光了恐怖分子与西班牙两起恐袭事件涉事车辆在一起的照片。,Colpisa通讯社曝光了恐怖分子与西班牙两起恐袭事件涉事车辆在一起的照片。,http://sputniknews.cn/images/102340/95/1023409535.jpg;http://sputniknews.cn/images/102340/95/1023409598.jpg,http://sputniknews.cn/society/201708211023411374/,,,None,unknown,0,0,"dead:0, hurt:0"
130,2018-03-06 20:48,俄联邦安全局：在马哈奇卡拉被扣IS支持者准备发动恐袭,俄罗斯卫星通讯社莫斯科3月6日电  俄罗斯联邦安全局社会关系中心发布消息表示，俄达吉斯坦共和国马哈奇卡拉市扣押的“伊斯兰国”恐怖组织支持者为在北高加索联邦区进行恐怖袭击制作大量炸弹和武器。,俄罗斯卫星通讯社莫斯科3月6日电  俄罗斯联邦安全局社会关系中心发布消息表示，俄达吉斯坦共和国马哈奇卡拉市扣押的“伊斯兰国”恐怖组织支持者为在北高加索联邦区进行恐怖袭击制作大量炸弹和武器。,http://sputniknews.cn/images/102485/66/1024856625.jpg;http://sputniknews.cn/images/102009/81/1020098140.jpg,http://sputniknews.cn/russia/201803061024856645/,,,None,unknown,0,0,"dead:0, hurt:0"
131,2017-08-18 20:40,第四名加泰罗尼亚恐袭事件嫌犯被拘留,俄罗斯卫星通讯社马德里8月18日电 加泰罗尼亚执法部门表示，他们扣押了第四名巴塞罗那和坎布里尔斯恐袭事件嫌疑犯。,俄罗斯卫星通讯社马德里8月18日电 加泰罗尼亚执法部门表示，他们扣押了第四名巴塞罗那和坎布里尔斯恐袭事件嫌疑犯。,http://sputniknews.cn/images/102339/51/1023395104.jpg;http://sputniknews.cn/images/102339/60/1023396066.jpg,http://sputniknews.cn/politics/201708181023396326/,,,None,unknown,0,0,"dead:0, hurt:0"
132,2017-11-24 22:56,埃及清真寺爆炸造成逾200人死亡,"据媒体报道，埃及清真寺恐袭中的死者人数上升至235人，另有130人受伤, 其中不少人是儿童。","据媒体报道，埃及清真寺恐袭中的死者人数上升至235人，另有130人受伤, 其中不少人是儿童。",http://sputniknews.cn/images/102412/94/1024129406.jpg;http://sputniknews.cn/images/102412/92/1024129299.jpg,http://sputniknews.cn/society/201711241024129208/,,,None,unknown,0,0,"dead:0, hurt:0"
133,2017-08-16 12:21,美司法部：一名通过eBay获取“伊斯兰国”资金的美国公民认罪,俄罗斯卫星通讯社莫斯科8月16日电 美国司法部网站消息称，8月15日，一名被指控利用在eBay网上虚假交易从恐怖组织“伊斯兰国”获取资金的美国公民在法院认罪。,俄罗斯卫星通讯社莫斯科8月16日电 美国司法部网站消息称，8月15日，一名被指控利用在eBay网上虚假交易从恐怖组织“伊斯兰国”获取资金的美国公民在法院认罪。,http://sputniknews.cn/images/102055/02/1020550233.jpg;http://sputniknews.cn/images/101843/60/1018436023.jpg,http://sputniknews.cn/society/201708161023372433/,,,None,unknown,0,0,"dead:0, hurt:0"
134,2017-11-05 14:14,俄驻美大使：俄美强力人员的沟通问题将是双方部长级会晤的议题,俄罗斯卫星通讯社芝加哥11月5日 俄罗斯驻美大使阿纳托利·安东诺夫在对媒体表示，俄美强力机构和国防部门需要更加紧密地协作，以便提高打击恐怖主义的效率，与美国部长们即将举行的会议上将提出这一问题。,俄罗斯卫星通讯社芝加哥11月5日 俄罗斯驻美大使阿纳托利·安东诺夫在对媒体表示，俄美强力机构和国防部门需要更加紧密地协作，以便提高打击恐怖主义的效率，与美国部长们即将举行的会议上将提出这一问题。,http://sputniknews.cn/images/102397/52/1023975262.jpg;http://sputniknews.cn/images/102341/36/1023413603.jpg,http://sputniknews.cn/russia/201711051023975230/,,,None,unknown,0,0,"dead:0, hurt:0"
135,2018-01-25 23:54,土耳其外长：土军无意袭击叙政府军,俄罗斯卫星通讯社安卡拉1月25日电 土耳其外长恰武什奥卢25日表示，维护叙利亚领土完整是安卡拉和大马士革的共同目标，土耳其军队无意袭击叙政府军。,俄罗斯卫星通讯社安卡拉1月25日电 土耳其外长恰武什奥卢25日表示，维护叙利亚领土完整是安卡拉和大马士革的共同目标，土耳其军队无意袭击叙政府军。,http://sputniknews.cn/images/102455/45/1024554585.jpg;http://sputniknews.cn/images/102051/64/1020516410.jpg,http://sputniknews.cn/politics/201801251024564036/,,,None,unknown,0,0,"dead:0, hurt:0"
136,2017-07-23 13:18,美国称叙政府4月以来未使用化学武器,俄罗斯卫星通讯社华盛顿7月23日电 美国参谋长联席会议主席邓福德表示，自从美国4月对叙利亚空军基地实施打击后，叙政府没有使用化学武器。,俄罗斯卫星通讯社华盛顿7月23日电 美国参谋长联席会议主席邓福德表示，自从美国4月对叙利亚空军基地实施打击后，叙政府没有使用化学武器。,http://sputniknews.cn/images/102318/35/1023183548.jpg;http://sputniknews.cn/images/101803/53/1018035317.jpg,http://sputniknews.cn/politics/201707231023183492/,,,None,unknown,0,0,"dead:0, hurt:0"
137,2017-09-28 22:27,联合国尚无查明叙哈马和伊德利卜空袭制造者的身份,俄罗斯卫星通讯社日内瓦9月28日电 联合国叙利亚问题特使的特别顾问扬·埃格兰向记者表示，联合国尚未接到有关叙哈马和伊德利卜地区轰炸袭击制造者身份的消息。,俄罗斯卫星通讯社日内瓦9月28日电 联合国叙利亚问题特使的特别顾问扬·埃格兰向记者表示，联合国尚未接到有关叙哈马和伊德利卜地区轰炸袭击制造者身份的消息。,http://sputniknews.cn/images/101732/85/1017328513.jpg;http://sputniknews.cn/images/102369/90/1023699019.jpg,http://sputniknews.cn/military/201709281023699895/,,,None,unknown,0,0,"dead:0, hurt:0"
138,2017-12-28 18:52,俄总统新闻秘书：克宫不认为圣彼得堡超市爆炸案是特工部门工作疏忽所致,俄罗斯卫星通讯社莫斯科12月28日电 俄罗斯总统新闻秘书佩斯科夫表示，克宫不认为12月27日圣彼得堡超市爆炸案是特工部门工作疏忽所致。,俄罗斯卫星通讯社莫斯科12月28日电 俄罗斯总统新闻秘书佩斯科夫表示，克宫不认为12月27日圣彼得堡超市爆炸案是特工部门工作疏忽所致。,http://sputniknews.cn/images/102437/81/1024378124.jpg;http://sputniknews.cn/images/102437/52/1024375240.jpg,http://sputniknews.cn/russia/201712281024379990/,,,None,unknown,0,0,"dead:0, hurt:0"
139,2018-03-02 20:19,法国外交部特使：布基纳法索首都发生恐怖袭击,俄罗斯卫星通讯社巴黎3月2日电 法国外交部萨赫勒问题特使让-马克∙夏德尼耶发推文表示，布基纳法索首都瓦加杜古2日发生恐怖袭击。,俄罗斯卫星通讯社巴黎3月2日电 法国外交部萨赫勒问题特使让-马克∙夏德尼耶发推文表示，布基纳法索首都瓦加杜古2日发生恐怖袭击。,http://sputniknews.cn/images/102483/25/1024832505.jpg;http://sputniknews.cn/images/102335/39/1023353991.jpg,http://sputniknews.cn/society/201803021024832547/,,,,unknown,0,0,"dead:0, hurt:0"
140,2017-06-16 14:27,欧洲刑警组织：2016年欧洲逮捕千余恐怖嫌疑人,欧洲刑警组织发布消息称，2016年，8个欧洲国家的执法部门一共逮捕1002名涉嫌参与恐怖活动的嫌疑人。,欧洲刑警组织发布消息称，2016年，8个欧洲国家的执法部门一共逮捕1002名涉嫌参与恐怖活动的嫌疑人。,http://sputniknews.cn/images/102261/24/1022612487.jpg;http://sputniknews.cn/images/102165/71/1021657189.jpg,http://sputniknews.cn/society/201706161022874835/,,,None,unknown,0,0,"dead:0, hurt:0"
141,2017-08-23 13:28,媒体：芬兰图尔库袭击行人事件嫌疑人曾欲加入IS,芬兰广播公司（Yle）网站发布消息称，图尔库袭击行人事件主要嫌疑人、18岁的摩洛哥公民阿卜杜拉曼·迈克阿（Abderrahman Mechkah）曾试图了解如何加入“伊斯兰国”恐怖组织（IS）。,芬兰广播公司（Yle）网站发布消息称，图尔库袭击行人事件主要嫌疑人、18岁的摩洛哥公民阿卜杜拉曼·迈克阿（Abderrahman Mechkah）曾试图了解如何加入“伊斯兰国”恐怖组织（IS）。,http://sputniknews.cn/images/102339/89/1023398986.jpg;http://sputniknews.cn/images/102339/96/1023399612.jpg,http://sputniknews.cn/society/201708231023426335/,,,None,unknown,0,0,"dead:0, hurt:0"
142,2017-08-18 02:04,据媒体报道，巴塞罗那市内一辆汽车撞倒3名警察,据eleconomista.es网站消息，巴塞罗那一辆汽车在冲向三名警察，但不清楚是否与早些时候发生在市中心的恐怖袭击有关。,据eleconomista.es网站消息，巴塞罗那一辆汽车在冲向三名警察，但不清楚是否与早些时候发生在市中心的恐怖袭击有关。,http://sputniknews.cn/images/102338/85/1023388501.jpg;http://sputniknews.cn/images/102338/82/1023388244.jpg,http://sputniknews.cn/society/201708181023389015/,,,,unknown,0,0,"dead:0, hurt:0"
143,2017-11-14 15:30,消息人士：自杀式恐怖分子袭击也门南部安全部队指挥部致6军人死亡,俄罗斯卫星通讯社萨那11月14日电 消息人士表示，一名自杀式袭击者在位于也门南部亚丁市的安全部队指挥部附近引爆了一辆汽车炸弹，造成6名军人死亡，另有至少25人受伤。,俄罗斯卫星通讯社萨那11月14日电 消息人士表示，一名自杀式袭击者在位于也门南部亚丁市的安全部队指挥部附近引爆了一辆汽车炸弹，造成6名军人死亡，另有至少25人受伤。,http://sputniknews.cn/images/102148/25/1021482598.jpg;http://sputniknews.cn/images/102400/05/1024000503.jpg,http://sputniknews.cn/military/201711141024044091/,,,None,unknown,0,0,"dead:0, hurt:0"
144,2017-08-19 20:09,西班牙内政部：西班牙当局保持第四级安全警戒水平,俄罗斯卫星通讯社马德里8月19日电 西班牙内政部长胡安·伊格纳西奥·索伊多在恐怖威胁水平评估会议后表示，西班牙执法机构决定不将恐怖威胁安全警戒水平提高到最高级别的第五级。,俄罗斯卫星通讯社马德里8月19日电 西班牙内政部长胡安·伊格纳西奥·索伊多在恐怖威胁水平评估会议后表示，西班牙执法机构决定不将恐怖威胁安全警戒水平提高到最高级别的第五级。,http://sputniknews.cn/images/102339/74/1023397406.jpg;http://sputniknews.cn/images/102339/93/1023399343.jpg,http://sputniknews.cn/politics/201708191023401661/,,,None,unknown,0,0,"dead:0, hurt:0"
145,2017-08-20 20:22,加泰罗尼亚警方：巴塞罗那驾车撞行人的袭击行为由一人实施,俄罗斯卫星通讯社马德里8月20日电 西班牙加泰罗尼亚执法部门负责人Josep Luis Trapero表示，巴塞罗那驾车撞行人的袭击行为由一人实施。,俄罗斯卫星通讯社马德里8月20日电 西班牙加泰罗尼亚执法部门负责人Josep Luis Trapero表示，巴塞罗那驾车撞行人的袭击行为由一人实施。,http://sputniknews.cn/images/102339/27/1023392788.jpg;http://sputniknews.cn/images/102340/49/1023404963.jpg,http://sputniknews.cn/society/201708201023405190/,,,None,unknown,0,0,"dead:0, hurt:0"
146,2018-01-10 21:47,俄国防部发布了新的攻击赫梅米姆空军基地的无人机照片,国防部发布了一张新的无人机照片，恐怖分子试图通过它们袭击在赫梅米姆和塔尔图斯的俄罗斯基地。,国防部发布了一张新的无人机照片，恐怖分子试图通过它们袭击在赫梅米姆和塔尔图斯的俄罗斯基地。,http://sputniknews.cn/images/102445/12/1024451293.png;http://sputniknews.cn/images/102444/34/1024443498.jpg,http://sputniknews.cn/russia/201801101024453129/,,,None,unknown,0,0,"dead:0, hurt:0"
147,2017-08-18 00:57,西班牙媒体称巴塞罗那事件造成13人死亡,据西班牙CADENA SER电台报道，巴塞罗那汽车冲撞人群事件至少导致13人死亡。,据西班牙CADENA SER电台报道，巴塞罗那汽车冲撞人群事件至少导致13人死亡。,http://sputniknews.cn/images/102338/85/1023388501.jpg;http://sputniknews.cn/images/102338/77/1023387745.jpg,http://sputniknews.cn/society/201708181023388595/,,,None,unknown,0,0,"dead:0, hurt:0"
148,2017-11-02 20:03,上合组织反恐机构：纽约恐袭事件表明必须共同努力打击恐怖主义,俄罗斯卫星通讯社塔什干11月2日电 上海合作组织地区反恐机构执委会主任叶夫根尼·瑟索耶夫2日向记者表示，发生在纽约的恐怖袭击事件再次表明，必须共同努力打击恐怖主义。,俄罗斯卫星通讯社塔什干11月2日电 上海合作组织地区反恐机构执委会主任叶夫根尼·瑟索耶夫2日向记者表示，发生在纽约的恐怖袭击事件再次表明，必须共同努力打击恐怖主义。,http://sputniknews.cn/images/102252/08/1022520813.jpg;http://sputniknews.cn/images/102394/45/1023944528.png,http://sputniknews.cn/society/201711021023955524/,,,,unknown,0,0,"dead:0, hurt:0"
149,2017-11-02 13:11,法国内政部长在纽约恐袭后称法国受袭风险仍高,法国内政部长热拉尔•科隆在造成8人死亡的纽约恐袭后称，此类袭击发生在法国的风险仍然很高。,法国内政部长热拉尔•科隆在造成8人死亡的纽约恐袭后称，此类袭击发生在法国的风险仍然很高。,http://sputniknews.cn/images/102280/01/1022800194.jpg;http://sputniknews.cn/images/102019/13/1020191314.jpg,http://sputniknews.cn/society/201711021023951438/,,,,unknown,0,0,"dead:0, hurt:0"
150,2017-06-26 14:07,俄安全局：俄境内恐怖分子积极使用即时通讯工具Telegram进行联络,俄罗斯卫星通讯社莫斯科6月26日电 俄罗斯联邦安全局26日发布消息称，俄境内恐怖分子最经常使用即时通讯工具Telegram联络彼此和境外指导人员。,俄罗斯卫星通讯社莫斯科6月26日电 俄罗斯联邦安全局26日发布消息称，俄境内恐怖分子最经常使用即时通讯工具Telegram联络彼此和境外指导人员。,http://sputniknews.cn/images/102294/67/1022946761.jpg;http://sputniknews.cn/images/102285/32/1022853248.jpg,http://sputniknews.cn/russia/201706261022946847/,,,None,unknown,0,0,"dead:0, hurt:0"
151,2018-01-10 21:06,消息人士：“基地”组织袭击造成3名也门军人身亡,俄罗斯卫星通讯社萨那1月10日电 也门当地消息人士向俄罗斯卫星通讯社表示，“基地”组织（在俄被禁止）恐怖分子在该国首都东南方向舍卜沃省实施袭击，造成3名也门军人身亡。,俄罗斯卫星通讯社萨那1月10日电 也门当地消息人士向俄罗斯卫星通讯社表示，“基地”组织（在俄被禁止）恐怖分子在该国首都东南方向舍卜沃省实施袭击，造成3名也门军人身亡。,http://sputniknews.cn/images/102047/31/1020473110.jpg;http://sputniknews.cn/images/101483/04/1014830418.jpg,http://sputniknews.cn/military/201801101024452033/,,,None,unknown,0,0,"dead:0, hurt:0"
152,2017-10-29 15:54,媒体：索马里首都酒店袭击事件致死人数增至25人,俄罗斯卫星通讯社莫斯科10月29日电 据媒体援引警方消息报道，索马里首都酒店袭击造成的死亡人数达到25人。,俄罗斯卫星通讯社莫斯科10月29日电 据媒体援引警方消息报道，索马里首都酒店袭击造成的死亡人数达到25人。,http://sputniknews.cn/images/102391/42/1023914283.jpg;http://sputniknews.cn/images/102391/33/1023913396.jpg,http://sputniknews.cn/military/201710291023914301/,,,None,unknown,0,0,"dead:0, hurt:0"
153,2017-08-25 01:53,芬兰警方逮捕一名图尔库恐袭案嫌疑人,俄罗斯卫星通讯社莫斯科8月24日电 芬兰警方发表消息称，警方逮捕了一名图尔库恐袭案嫌疑人。,俄罗斯卫星通讯社莫斯科8月24日电 芬兰警方发表消息称，警方逮捕了一名图尔库恐袭案嫌疑人。,http://sputniknews.cn/images/102343/93/1023439359.jpg;http://sputniknews.cn/images/102131/95/1021319568.jpg,http://sputniknews.cn/politics/201708251023439399/,,,None,unknown,0,0,"dead:0, hurt:0"
154,2017-08-18 01:22,叙利亚呼吁联合国解散该国境内的国际联军,俄罗斯卫星通讯社联合国8月17日电 叙利亚呼吁联合国安理会解散该国境内活动的以美国为首的国际联军， 据叙利亚常驻联合代表称，联军的行动与当地的犯罪有关。,俄罗斯卫星通讯社联合国8月17日电 叙利亚呼吁联合国安理会解散该国境内活动的以美国为首的国际联军， 据叙利亚常驻联合代表称，联军的行动与当地的犯罪有关。,http://sputniknews.cn/images/102198/28/1021982806.jpg;http://sputniknews.cn/images/102330/90/1023309070.jpg,http://sputniknews.cn/politics/201708181023388760/,,,None,unknown,0,0,"dead:0, hurt:0"
155,2018-02-18 14:39,库尔德武装袭击土耳其境内兵营,俄罗斯卫星通讯社莫斯科2月18日电 叙利亚民主力量新闻处消息称，主要由库尔德队伍组成的该武装力量袭击了土耳其境内从事入侵阿夫林训练的兵营。,俄罗斯卫星通讯社莫斯科2月18日电 叙利亚民主力量新闻处消息称，主要由库尔德队伍组成的该武装力量袭击了土耳其境内从事入侵阿夫林训练的兵营。,http://sputniknews.cn/images/101338/89/1013388920.jpg;http://sputniknews.cn/images/102449/47/1024494719.jpg,http://sputniknews.cn/military/201802181024739558/,,,None,unknown,0,0,"dead:0, hurt:0"
156,2017-11-10 17:46,普京向杜特尔特表示俄罗斯愿与菲律宾发展军事关系,俄罗斯卫星通讯社莫斯科11月10日电 俄罗斯总统普京与菲律宾总统杜特尔特10日在越南APEC峰会期间举行会晤时表示，俄罗斯愿与菲律宾发展军事技术合作。,俄罗斯卫星通讯社莫斯科11月10日电 俄罗斯总统普京与菲律宾总统杜特尔特10日在越南APEC峰会期间举行会晤时表示，俄罗斯愿与菲律宾发展军事技术合作。,http://sputniknews.cn/images/102401/85/1024018579.jpg;http://sputniknews.cn/images/102230/53/1022305357.jpg,http://sputniknews.cn/russia/201711101024018478/,,,None,unknown,0,0,"dead:0, hurt:0"
157,2017-06-24 13:32,沙特内政部称麦加恐袭由境外策划,俄罗斯卫星通讯社莫斯科6月24日电 据沙特阿拉伯官方SPA通讯社报道，该国内政部称，由境外策划了麦加恐怖袭击，目的在于破坏该国的安全和稳定。,俄罗斯卫星通讯社莫斯科6月24日电 据沙特阿拉伯官方SPA通讯社报道，该国内政部称，由境外策划了麦加恐怖袭击，目的在于破坏该国的安全和稳定。,http://sputniknews.cn/images/102293/93/1022939304.jpg;http://sputniknews.cn/images/102293/95/1022939585.jpg,http://sputniknews.cn/politics/201706241022938824/,,,None,unknown,0,0,"dead:0, hurt:0"
158,2018-02-08 02:13,北约军官：美国对阿塔边境塔利班实施空袭,俄罗斯卫星通讯社华盛顿2月7日电 北约驻阿富汗空军部队司令詹姆斯·赫克尔（James Hecker）向记者表示，美国战略轰炸机在阿境内靠近塔吉克斯坦和中国的边境地区对极端运动“塔利班”和“东突伊斯兰运动”的基地实施了打击。,俄罗斯卫星通讯社华盛顿2月7日电 北约驻阿富汗空军部队司令詹姆斯·赫克尔（James Hecker）向记者表示，美国战略轰炸机在阿境内靠近塔吉克斯坦和中国的边境地区对极端运动“塔利班”和“东突伊斯兰运动”的基地实施了打击。,http://sputniknews.cn/images/102465/16/1024651650.jpg;http://sputniknews.cn/images/102464/00/1024640002.jpg,http://sputniknews.cn/military/201802081024662899/,,,None,unknown,0,0,"dead:0, hurt:0"
159,2017-12-27 19:00,欧洲恐袭与战胜“伊斯兰国”： 2017年总结（下）,在即将成为过去的2017年，中东反恐迎来了决定性的转折。控制叙利亚和伊拉克大部分领土的“伊斯兰国”恐怖组织（在俄罗斯被禁）遭到了极大损失，到了年底，可以说盘踞在这些国家的“伊斯兰国”已经被战胜。以下是俄罗斯卫星通讯社精心挑选的本年度重大国际政治事件。,在即将成为过去的2017年，中东反恐迎来了决定性的转折。控制叙利亚和伊拉克大部分领土的“伊斯兰国”恐怖组织（在俄罗斯被禁）遭到了极大损失，到了年底，可以说盘踞在这些国家的“伊斯兰国”已经被战胜。以下是俄罗斯卫星通讯社精心挑选的本年度重大国际政治事件。,http://sputniknews.cn/images/102339/27/1023392788.jpg;http://sputniknews.cn/images/102437/01/1024370174.jpg,http://sputniknews.cn/opinion/201712271024371514/,,,None,unknown,0,0,"dead:0, hurt:0"
160,2017-08-11 20:25,德外交部报告：5月31日的喀布尔恐袭意在德国使馆,俄罗斯卫星通讯社莫斯科8月11日电 德国新闻社（ DPA）8月11日援引该国外交部秘密报告报道，德国使馆是5月31日喀布尔恐怖袭击的目标。,俄罗斯卫星通讯社莫斯科8月11日电 德国新闻社（ DPA）8月11日援引该国外交部秘密报告报道，德国使馆是5月31日喀布尔恐怖袭击的目标。,http://sputniknews.cn/images/102274/67/1022746765.jpg;http://sputniknews.cn/images/102274/69/1022746989.jpg,http://sputniknews.cn/politics/201708111023340073/,,,None,unknown,0,0,"dead:0, hurt:0"
161,2017-07-05 15:13,菲律宾武装分子处决2名去年俘获的越南人质,法新社援引军方消息报道称，疑似阿布沙耶夫恐怖组织(在俄罗斯被禁）武装分子处决了2名在菲律宾南部被关押了8个月的越南海员。,法新社援引军方消息报道称，疑似阿布沙耶夫恐怖组织(在俄罗斯被禁）武装分子处决了2名在菲律宾南部被关押了8个月的越南海员。,http://sputniknews.cn/images/102303/09/1023030911.jpg;http://sputniknews.cn/images/102272/07/1022720780.jpg,http://sputniknews.cn/society/201707051023030976/,,,None,unknown,0,0,"dead:0, hurt:0"
162,2017-11-02 01:10,警方：曼哈顿恐袭执行者曾用数周时间进行策划,俄罗斯卫星通讯社纽约11月1日电 美国纽约市警察局副局长约翰·米勒表示，曼哈顿恐袭事件执行者用了数周时间进行策划，并以“伊斯兰国”恐怖组织的名义发动这次袭击。,俄罗斯卫星通讯社纽约11月1日电 美国纽约市警察局副局长约翰·米勒表示，曼哈顿恐袭事件执行者用了数周时间进行策划，并以“伊斯兰国”恐怖组织的名义发动这次袭击。,http://sputniknews.cn/images/102394/21/1023942166.jpg;http://sputniknews.cn/images/102394/21/1023942194.jpg,http://sputniknews.cn/politics/201711021023949266/,,,None,unknown,0,0,"dead:0, hurt:0"
163,2018-01-16 20:19,埃及军队在西奈半岛中部抓获3名极端分子,俄罗斯卫星通讯社开罗1月16日电 根据埃及军方发表的一份声明，埃及军方在西奈半岛中部抓获3名极端分子。,俄罗斯卫星通讯社开罗1月16日电 根据埃及军方发表的一份声明，埃及军方在西奈半岛中部抓获3名极端分子。,http://sputniknews.cn/images/102311/95/1023119586.jpg;http://sputniknews.cn/images/101721/86/1017218606.jpg,http://sputniknews.cn/society/201801161024493355/,,,None,unknown,0,0,"dead:0, hurt:0"
164,2017-06-13 17:20,白俄克格勃2017年抓捕8名涉恐分子,俄罗斯卫星通讯社明斯克6月13日电 白俄罗斯国家安全委员会（克格勃）主席瓦库利奇克表示，委员会2017年共抓捕8名涉恐分子。,俄罗斯卫星通讯社明斯克6月13日电 白俄罗斯国家安全委员会（克格勃）主席瓦库利奇克表示，委员会2017年共抓捕8名涉恐分子。,http://sputniknews.cn/images/101349/64/1013496428.jpg;http://sputniknews.cn/images/102226/63/1022266347.jpg,http://sputniknews.cn/society/201706131022847184/,,,None,unknown,0,0,"dead:0, hurt:0"
165,2017-08-09 19:19,媒体：埃及西奈半岛发生恐袭导致4名警察死亡,俄罗斯卫星通讯社开罗8月9日电  阿拉伯天空新闻（Sky News Arabia）电视台援引安全部门消息人士报道， 9日埃及西奈半岛北部发生恐袭，导致4名警察牺牲。,俄罗斯卫星通讯社开罗8月9日电  阿拉伯天空新闻（Sky News Arabia）电视台援引安全部门消息人士报道， 9日埃及西奈半岛北部发生恐袭，导致4名警察牺牲。,http://sputniknews.cn/images/102311/95/1023119586.jpg;http://sputniknews.cn/images/102271/97/1022719708.jpg,http://sputniknews.cn/society/201708091023321660/,,,None,unknown,0,0,"dead:0, hurt:0"
166,2017-06-25 12:47,媒体：摩苏尔爆炸造成至少12死20伤,俄罗斯卫星通讯社莫斯科6月25日电 外媒援引伊拉克军方医护人员消息报道，伊拉克摩苏尔恐怖分子自杀式爆炸袭击造成至少12人死亡，超过20人受伤。,俄罗斯卫星通讯社莫斯科6月25日电 外媒援引伊拉克军方医护人员消息报道，伊拉克摩苏尔恐怖分子自杀式爆炸袭击造成至少12人死亡，超过20人受伤。,http://sputniknews.cn/images/102110/77/1021107768.jpg;http://sputniknews.cn/images/102264/01/1022640157.jpg,http://sputniknews.cn/politics/201706251022941993/,,,None,unknown,0,0,"dead:0, hurt:0"
167,2017-12-28 20:17,媒体：喀布尔双重恐怖袭击造成的死亡人数增加到41人 伤84人,俄罗斯卫星通讯社莫斯科12月28日电 据阿富汗Tolo News电视台援引公共卫生部发言人的话报道，喀布尔双重恐怖袭击造成的死亡人数增加到41人，受伤人数达84人。,俄罗斯卫星通讯社莫斯科12月28日电 据阿富汗Tolo News电视台援引公共卫生部发言人的话报道，喀布尔双重恐怖袭击造成的死亡人数增加到41人，受伤人数达84人。,http://sputniknews.cn/images/102058/29/1020582986.jpg;http://sputniknews.cn/images/102274/69/1022746989.jpg,http://sputniknews.cn/military/201712281024380830/,,,None,unknown,0,0,"dead:0, hurt:0"
168,2017-10-22 13:39,澳大利亚机场将对员工进行爆炸物抽查,俄罗斯卫星通讯社华盛顿10月22日电 澳大利亚基础设施和交通部部长达伦·切斯特表示，在加强该国机场的安全措施，将对机场工作人员进行随机抽查。,俄罗斯卫星通讯社华盛顿10月22日电 澳大利亚基础设施和交通部部长达伦·切斯特表示，在加强该国机场的安全措施，将对机场工作人员进行随机抽查。,http://sputniknews.cn/images/102386/41/1023864146.jpg;http://sputniknews.cn/images/102376/12/1023761288.jpg,http://sputniknews.cn/society/201710221023864095/,,,None,unknown,0,0,"dead:0, hurt:0"
169,2017-06-21 14:53,警方：一名男子因破坏公共秩序在伦敦中央清真寺附近被捕,俄罗斯卫星通讯社莫斯科6月21日电 伦敦警察厅发布声明称，警方在收到袭击报告后于伦敦中央清真寺附近逮捕了一名男子。,俄罗斯卫星通讯社莫斯科6月21日电 伦敦警察厅发布声明称，警方在收到袭击报告后于伦敦中央清真寺附近逮捕了一名男子。,http://sputniknews.cn/images/102137/87/1021378710.jpg;http://sputniknews.cn/images/102268/71/1022687164.jpg,http://sputniknews.cn/society/201706211022910688/,,,None,unknown,0,0,"dead:0, hurt:0"
170,2017-10-30 08:26,媒体：恐怖分子在伊德利卜藏有化学武器,俄罗斯卫星通讯社莫斯科电 据叙利亚阿拉伯通讯社（SANA）新闻社援引当地消息人士报道称，恐怖组织“征服阵线”在叙北部伊德利卜省藏有化学武器。,俄罗斯卫星通讯社莫斯科电 据叙利亚阿拉伯通讯社（SANA）新闻社援引当地消息人士报道称，恐怖组织“征服阵线”在叙北部伊德利卜省藏有化学武器。,http://sputniknews.cn/images/101559/24/1015592428.jpg;http://sputniknews.cn/images/101846/03/1018460334.jpg,http://sputniknews.cn/military/201710301023917122/,,,None,unknown,0,0,"dead:0, hurt:0"
171,2017-08-04 12:10,“伊斯兰国”头目向澳寄去计划放在飞机上的炸弹组件,俄罗斯卫星通讯社莫斯科8月4日电 澳大利亚联邦警察局副局长迈克尔∙费兰表示，该国飞机恐袭策划案的两名被告收到了来自恐怖组织“伊斯兰国”一位头目的装有炸弹组件的包裹。,俄罗斯卫星通讯社莫斯科8月4日电 澳大利亚联邦警察局副局长迈克尔∙费兰表示，该国飞机恐袭策划案的两名被告收到了来自恐怖组织“伊斯兰国”一位头目的装有炸弹组件的包裹。,http://sputniknews.cn/images/102325/06/1023250681.jpg;http://sputniknews.cn/images/102041/87/1020418746.jpg,http://sputniknews.cn/society/201708041023278723/,,,None,unknown,0,0,"dead:0, hurt:0"
172,2017-08-08 11:23,委内瑞拉国防部：军事基地袭击者获外国支持,俄罗斯卫星通讯社莫斯科8月8日电 委内瑞拉国防部声明中称，该国军事基地的袭击者可能获外国支持。,俄罗斯卫星通讯社莫斯科8月8日电 委内瑞拉国防部声明中称，该国军事基地的袭击者可能获外国支持。,http://sputniknews.cn/images/102330/76/1023307647.jpg;http://sputniknews.cn/images/102008/45/1020084507.jpg,http://sputniknews.cn/society/201708081023307653/,,,None,unknown,0,0,"dead:0, hurt:0"
173,2017-08-18 10:12,加泰罗尼亚警方：坎布里尔斯局势得到控制,俄罗斯卫星通讯社马德里8月18日电 西班牙加泰罗尼亚自治区警察（Mossos d'Esquadra）表示，尽管警方行动仍在进行，但坎布里尔斯局势已经得到控制。,俄罗斯卫星通讯社马德里8月18日电 西班牙加泰罗尼亚自治区警察（Mossos d'Esquadra）表示，尽管警方行动仍在进行，但坎布里尔斯局势已经得到控制。,http://sputniknews.cn/images/102339/07/1023390724.jpg;http://sputniknews.cn/images/102339/03/1023390356.jpg,http://sputniknews.cn/society/201708181023390579/,,,None,unknown,0,0,"dead:0, hurt:0"
174,2017-06-13 20:04,德国警方：没有证据表明慕尼黑火车站枪击事件与恐怖主义有关,俄罗斯卫星通讯社柏林6月13日电 慕尼黑警方表示，没有理由判断由德国公民制造的，发生在火车站，并造成3人受伤的枪击事件，是恐怖袭击。,俄罗斯卫星通讯社柏林6月13日电 慕尼黑警方表示，没有理由判断由德国公民制造的，发生在火车站，并造成3人受伤的枪击事件，是恐怖袭击。,http://sputniknews.cn/images/102284/67/1022846754.jpg;http://sputniknews.cn/images/102048/12/1020481213.jpg,http://sputniknews.cn/society/201706131022848742/,,,None,unknown,0,0,"dead:0, hurt:0"
175,2017-08-10 14:34,印度德里警方逮捕一名疑似与“基地组织”有关恐怖分子,俄罗斯卫星通讯社新德里8月10日电 印度《新德里电视台》（NDTV）援引警方消息称，德里警方10日逮捕了一名疑似恐怖组织“孟加拉真主卫士（ABT）”的武装分子。,俄罗斯卫星通讯社新德里8月10日电 印度《新德里电视台》（NDTV）援引警方消息称，德里警方10日逮捕了一名疑似恐怖组织“孟加拉真主卫士（ABT）”的武装分子。,http://sputniknews.cn/images/101353/32/1013533267.jpg;http://sputniknews.cn/images/101442/44/1014424443.jpg,http://sputniknews.cn/military/201708101023328694/,,,None,unknown,0,0,"dead:0, hurt:0"
176,2017-09-16 02:53,英国首相府：英美领导人呼吁中国全力向朝施压,俄罗斯俄罗斯卫星通讯社伦敦9月15日电 英国首相特蕾莎·梅与美国总统唐纳德·特朗普称朝鲜再次发射导弹为鲁莽的挑衅，并呼吁中国全力对平壤施加压力。,俄罗斯俄罗斯卫星通讯社伦敦9月15日电 英国首相特蕾莎·梅与美国总统唐纳德·特朗普称朝鲜再次发射导弹为鲁莽的挑衅，并呼吁中国全力对平壤施加压力。,http://sputniknews.cn/images/101569/23/1015692319.jpg;http://sputniknews.cn/images/101416/23/1014162316.jpg,http://sputniknews.cn/politics/201709161023613496/,,,None,unknown,0,0,"dead:0, hurt:0"
177,2017-10-13 13:10,俄外长：有人试图阻止调查叙汉谢洪化武事件,俄罗斯外交部发布消息称，俄外长谢尔盖•拉夫罗夫与美国国务卿雷克斯•蒂勒森通电话时称，有人试图阻止对叙利亚汉谢洪镇化武事件的调查。,俄罗斯外交部发布消息称，俄外长谢尔盖•拉夫罗夫与美国国务卿雷克斯•蒂勒森通电话时称，有人试图阻止对叙利亚汉谢洪镇化武事件的调查。,http://sputniknews.cn/images/102059/24/1020592425.jpg;http://sputniknews.cn/images/102228/54/1022285477.jpg,http://sputniknews.cn/politics/201710131023801433/,,,None,unknown,0,0,"dead:0, hurt:0"
178,2017-06-30 12:45,加拿大追加拨款190万美元资助禁止化学武器组织在叙利亚的调查,俄罗斯卫星通讯社莫斯科6月30日电  据加拿大外交部发表的声明称，该国追加拨款250万加元（约合190万美元）资助禁止化学武器组织对叙利亚使用化学武器事件的调查。,俄罗斯卫星通讯社莫斯科6月30日电  据加拿大外交部发表的声明称，该国追加拨款250万加元（约合190万美元）资助禁止化学武器组织对叙利亚使用化学武器事件的调查。,http://sputniknews.cn/images/102240/44/1022404498.jpg;http://sputniknews.cn/images/102227/11/1022271150.jpg,http://sputniknews.cn/society/201706301022986501/,,,None,unknown,0,0,"dead:0, hurt:0"
179,2018-02-01 16:23,俄联邦安全局击毙欲在总统选举日实施恐袭的“伊斯兰国”成员,俄罗斯卫星通讯社莫斯科2月1日电 据俄罗斯联邦安全局消息，特警在下诺夫哥罗德击毙一名恐怖组织“伊斯兰国”的成员，此人曾打算在俄总统选举日实施恐怖袭击。,俄罗斯卫星通讯社莫斯科2月1日电 据俄罗斯联邦安全局消息，特警在下诺夫哥罗德击毙一名恐怖组织“伊斯兰国”的成员，此人曾打算在俄总统选举日实施恐怖袭击。,http://sputniknews.cn/images/102130/87/1021308720.jpg;http://sputniknews.cn/images/102437/81/1024378108.jpg,http://sputniknews.cn/russia/201802011024610396/,,,None,unknown,0,0,"dead:0, hurt:0"
180,2017-10-15 15:45,土耳其议会议长：俄驻土大使被刺杀案的调查仍在继续,俄罗斯卫星通讯社莫斯科10月14日电 土耳其大国民议会议长卡赫拉曼在与俄罗斯国家杜马主席沃洛金会谈时表示，俄罗斯驻土耳其大使卡尔洛夫被刺杀案的调查仍在继续，该案件的罪犯与伊斯兰传教士居伦的组织有关。,俄罗斯卫星通讯社莫斯科10月14日电 土耳其大国民议会议长卡赫拉曼在与俄罗斯国家杜马主席沃洛金会谈时表示，俄罗斯驻土耳其大使卡尔洛夫被刺杀案的调查仍在继续，该案件的罪犯与伊斯兰传教士居伦的组织有关。,http://sputniknews.cn/images/102143/78/1021437840.jpg;http://sputniknews.cn/images/102139/64/1021396450.jpg,http://sputniknews.cn/russia/201710151023811802/,,,None,unknown,0,0,"dead:0, hurt:0"
181,2017-08-18 22:19,西班牙警方：巴塞罗那市中心开车撞人司机的身份尚未被确定,俄罗斯卫星通讯社马德里8月18日电 据西班牙加泰罗尼亚执法部门负责人Josep Lluis Trapero在新闻发布会上表示，警方目前还没有确定巴塞罗那市中心开车撞人犯罪者的身份。,俄罗斯卫星通讯社马德里8月18日电 据西班牙加泰罗尼亚执法部门负责人Josep Lluis Trapero在新闻发布会上表示，警方目前还没有确定巴塞罗那市中心开车撞人犯罪者的身份。,http://sputniknews.cn/images/102338/92/1023389227.jpg;http://sputniknews.cn/images/102339/72/1023397275.jpg,http://sputniknews.cn/politics/201708181023398807/,,,None,unknown,0,0,"dead:0, hurt:0"
182,2018-01-25 06:59,俄外交部：美因叙化武袭击对俄发起宣传攻势,俄罗斯卫星通讯社莫斯科1月25日电 俄罗斯外交部网站声明评论华盛顿关于莫斯科与叙化武袭击有关的言论表示，美国对俄发动了密集的宣传攻势。,俄罗斯卫星通讯社莫斯科1月25日电 俄罗斯外交部网站声明评论华盛顿关于莫斯科与叙化武袭击有关的言论表示，美国对俄发动了密集的宣传攻势。,http://sputniknews.cn/images/101846/03/1018460333.jpg;http://sputniknews.cn/images/102322/27/1023222747.jpg,http://sputniknews.cn/politics/201801251024556915/,,,None,unknown,0,0,"dead:0, hurt:0"
183,2017-12-31 16:07,以色列军方：以空军再次空袭哈马斯在加沙阵地,俄罗斯卫星通讯社莫斯科12月31日电 以色列军方新闻处发布消息称，以空军再次空袭哈马斯在加沙地带的阵地，以回应周五的导弹袭击。,俄罗斯卫星通讯社莫斯科12月31日电 以色列军方新闻处发布消息称，以空军再次空袭哈马斯在加沙地带的阵地，以回应周五的导弹袭击。,http://sputniknews.cn/images/102381/73/1023817313.jpg;http://sputniknews.cn/images/102438/92/1024389269.jpg,http://sputniknews.cn/military/201712311024396614/,,,None,unknown,0,0,"dead:0, hurt:0"
184,2017-08-22 09:17,特朗普：美国从阿富汗迅速撤军后果不可接受,俄罗斯卫星通讯社华盛顿8月22日电 美国总统特朗普表示，美国从阿富汗迅速撤军的后果不可接受，这将造成被恐怖分子利用的真空。,俄罗斯卫星通讯社华盛顿8月22日电 美国总统特朗普表示，美国从阿富汗迅速撤军的后果不可接受，这将造成被恐怖分子利用的真空。,http://sputniknews.cn/images/102335/95/1023359598.jpg;http://sputniknews.cn/images/102283/32/1022833232.jpg,http://sputniknews.cn/politics/201708221023416036/,,,None,unknown,0,0,"dead:0, hurt:0"
185,2017-08-16 13:12,奥巴马在夏洛茨维尔事件后所发推文成为推特历史上最受欢迎的,俄罗斯卫星通讯社莫斯科8月16日电  跟踪用户活跃度的网站favstar.fm发布的数据显示，美国前总统奥巴马在夏洛茨维尔市发生极右分子开车撞击其反对者后所发推文，成为推特历史上最受欢迎的。,俄罗斯卫星通讯社莫斯科8月16日电  跟踪用户活跃度的网站favstar.fm发布的数据显示，美国前总统奥巴马在夏洛茨维尔市发生极右分子开车撞击其反对者后所发推文，成为推特历史上最受欢迎的。,http://sputniknews.cn/images/102334/96/1023349682.jpg;http://sputniknews.cn/images/102337/34/1023373401.png,http://sputniknews.cn/politics/201708161023373391/,,,None,unknown,0,0,"dead:0, hurt:0"
186,2017-08-18 17:27,路透社：西班牙活跃着8人恐怖主义团体,路透社援引西班牙司法部消息人士报道称，西班牙政府认为，西班牙国内存在着一个由8人组成的恐怖主义分支团体，该团体8月17日在巴塞罗那发起了一场袭击。,路透社援引西班牙司法部消息人士报道称，西班牙政府认为，西班牙国内存在着一个由8人组成的恐怖主义分支团体，该团体8月17日在巴塞罗那发起了一场袭击。,http://sputniknews.cn/images/102339/46/1023394630.jpg;http://sputniknews.cn/images/102339/03/1023390356.jpg,http://sputniknews.cn/society/201708181023394706/,,,None,unknown,0,0,"dead:0, hurt:0"
187,2017-08-19 15:21,消息人士：欧盟理事会不会为巴塞罗那恐袭召开紧急会议,俄罗斯卫星通讯社布鲁塞尔8月19日电 欧盟理事会消息人士向俄罗斯卫星通讯社表示，理事会目前没有计划就巴塞罗那恐怖袭击事件召开成员国内政部长和司法部长紧急会议。,俄罗斯卫星通讯社布鲁塞尔8月19日电 欧盟理事会消息人士向俄罗斯卫星通讯社表示，理事会目前没有计划就巴塞罗那恐怖袭击事件召开成员国内政部长和司法部长紧急会议。,http://sputniknews.cn/images/102319/50/1023195008.jpg;http://sputniknews.cn/images/102339/01/1023390142.jpg,http://sputniknews.cn/politics/201708191023400667/,,,None,unknown,0,0,"dead:0, hurt:0"
188,2017-12-22 16:42,澳大利亚警方称9名外国人在墨尔本汽车撞人事件中受伤,俄罗斯卫星通讯社莫斯科12月22日电 澳大利亚维多利亚州警方发布新闻稿表示，昨天该州墨尔本市汽车冲撞行人事件伤者中有9名外国人。,俄罗斯卫星通讯社莫斯科12月22日电 澳大利亚维多利亚州警方发布新闻稿表示，昨天该州墨尔本市汽车冲撞行人事件伤者中有9名外国人。,http://sputniknews.cn/images/102433/83/1024338314.jpg;http://sputniknews.cn/images/102433/32/1024333281.jpg,http://sputniknews.cn/society/201712221024338352/,,,None,unknown,0,0,"dead:0, hurt:0"
189,2017-12-31 21:14,俄侦委将圣彼得堡商店爆炸案定性为恐袭事件,俄罗斯卫星通讯社莫斯科12月31日电 俄罗斯侦查委员会发言人彼得连科表示，针对圣彼得堡市内商店爆炸案进行重新定性，现已定为恐袭事件。目前已经向嫌疑人提出指控。,俄罗斯卫星通讯社莫斯科12月31日电 俄罗斯侦查委员会发言人彼得连科表示，针对圣彼得堡市内商店爆炸案进行重新定性，现已定为恐袭事件。目前已经向嫌疑人提出指控。,http://sputniknews.cn/images/102437/81/1024378124.jpg;http://sputniknews.cn/images/102437/52/1024375240.jpg,http://sputniknews.cn/russia/201712311024397994/,,,None,unknown,0,0,"dead:0, hurt:0"
190,2017-10-25 18:59,上合组织：恐怖组织在中东和阿富汗仍然保持战斗力,俄罗斯卫星通讯社塔什干10月25日电 上海合作组织地区反恐怖机构执委会副主任穆卡舍夫表示，尽管在中东和阿富汗行动的恐怖组织受到损失，但是他们仍然保持战斗能力。,俄罗斯卫星通讯社塔什干10月25日电 上海合作组织地区反恐怖机构执委会副主任穆卡舍夫表示，尽管在中东和阿富汗行动的恐怖组织受到损失，但是他们仍然保持战斗能力。,http://sputniknews.cn/images/102388/69/1023886971.jpg;http://sputniknews.cn/images/102332/46/1023324615.jpg,http://sputniknews.cn/politics/201710251023886990/,,,None,unknown,0,0,"dead:0, hurt:0"
191,2017-10-21 15:15,阿富汗清真寺爆炸已经导致59人死亡,俄罗斯卫星通讯社莫斯科10月20日电 据阿富汗当地1TV电视台援引内政部的消息报道，阿富汗清真寺爆炸已经导致59人死亡，55人受伤。,俄罗斯卫星通讯社莫斯科10月20日电 据阿富汗当地1TV电视台援引内政部的消息报道，阿富汗清真寺爆炸已经导致59人死亡，55人受伤。,http://sputniknews.cn/images/102157/93/1021579361.jpg;http://sputniknews.cn/images/102384/58/1023845899.jpg,http://sputniknews.cn/politics/201710211023860544/,,,None,unknown,0,0,"dead:0, hurt:0"
192,2017-11-01 20:09,纽约市立大学教授：纽约发生恐袭与美国中东政策有关,纽约市立大学教授丹尼尔·肖（Daniel Shaw）接受RT电视台采访时表示，纽约发生的恐袭事件是美国五角大楼和国务院支持“有利用价值极端分子”政策的又一恶果。,纽约市立大学教授丹尼尔·肖（Daniel Shaw）接受RT电视台采访时表示，纽约发生的恐袭事件是美国五角大楼和国务院支持“有利用价值极端分子”政策的又一恶果。,http://sputniknews.cn/images/102394/19/1023941973.jpg;http://sputniknews.cn/images/102393/95/1023939560.jpg,http://sputniknews.cn/society/201711011023946690/,,,None,unknown,0,0,"dead:0, hurt:0"
193,2017-06-30 23:27,德国期待俄中协助追究在叙发动化武攻击的罪魁祸首责任,俄罗斯卫星通讯社柏林6月30日电 德国外交部发言人马丁•舍费尔在柏林举行的新闻发布会上表示，德国期待俄罗斯和中国会协助追究在叙利亚发动化武攻击的罪魁祸首并愿意承担起不让化武袭击再次发生的责任。,俄罗斯卫星通讯社柏林6月30日电 德国外交部发言人马丁•舍费尔在柏林举行的新闻发布会上表示，德国期待俄罗斯和中国会协助追究在叙利亚发动化武攻击的罪魁祸首并愿意承担起不让化武袭击再次发生的责任。,http://sputniknews.cn/images/102297/12/1022971247.jpg;http://sputniknews.cn/images/101837/44/1018374466.jpg,http://sputniknews.cn/politics/201706301022994161/,,,,unknown,0,0,"dead:0, hurt:0"
194,2017-08-18 19:47,西班牙警方：西班牙恐袭死亡人数增至14人,俄罗斯卫星通讯社马德里8月18日电 据加泰罗尼亚自治区执法部门消息，西班牙恐袭死亡人数增至14人。,俄罗斯卫星通讯社马德里8月18日电 据加泰罗尼亚自治区执法部门消息，西班牙恐袭死亡人数增至14人。,http://sputniknews.cn/images/102339/00/1023390004.jpg;http://sputniknews.cn/images/102339/27/1023392789.jpg,http://sputniknews.cn/society/201708181023395790/,,,None,unknown,0,0,"dead:0, hurt:0"
195,2017-08-19 00:09,特朗普：美国执法机构人员已经处于警戒状态,俄罗斯卫星通讯社莫斯科8月18日电 特朗普总统表示，美国国土安全部和其他执法机构处于警戒状态，美国边界被可靠保护着。,俄罗斯卫星通讯社莫斯科8月18日电 特朗普总统表示，美国国土安全部和其他执法机构处于警戒状态，美国边界被可靠保护着。,http://sputniknews.cn/images/102015/47/1020154750.jpg;http://sputniknews.cn/images/102339/00/1023390005.jpg,http://sputniknews.cn/politics/201708191023399395/,,,None,unknown,0,0,"dead:0, hurt:0"
196,2018-01-12 00:44,普京：袭击俄驻叙军事基地事件是精心策划的,俄罗斯总统普京表示，袭击俄罗斯驻叙利亚军事基地是经过精心策划的。,俄罗斯总统普京表示，袭击俄罗斯驻叙利亚军事基地是经过精心策划的。,http://sputniknews.cn/images/102446/24/1024462412.jpg;http://sputniknews.cn/images/102444/55/1024445572.jpg,http://sputniknews.cn/russia/201801121024462366/,,,None,unknown,0,0,"dead:0, hurt:0"
197,2017-10-07 18:29,尼日尔已发现第四名美军士兵尸体，士兵在巡逻中遭受袭击致死,尼日尔发现一名美军士兵尸体，士兵是在巡逻中遭受袭击而死的。截至目前，在袭击中死亡的士兵人数已经达到4人。,尼日尔发现一名美军士兵尸体，士兵是在巡逻中遭受袭击而死的。截至目前，在袭击中死亡的士兵人数已经达到4人。,http://sputniknews.cn/images/101429/41/1014294159.jpg;http://sputniknews.cn/images/101506/96/1015069635.jpg,http://sputniknews.cn/politics/201710071023759283/,,,None,unknown,0,0,"dead:0, hurt:0"
198,2017-06-13 22:10,扎里夫指责沙特支持伊朗恐怖分子,据路透社消息，伊朗外交部长穆罕默德·贾瓦德·扎里夫指责沙特阿拉伯支持伊朗东部的恐怖分子。,据路透社消息，伊朗外交部长穆罕默德·贾瓦德·扎里夫指责沙特阿拉伯支持伊朗东部的恐怖分子。,http://sputniknews.cn/images/101546/57/1015465781.jpg;http://sputniknews.cn/images/102280/55/1022805539.jpg,http://sputniknews.cn/politics/201706131022849380/,,,None,unknown,0,0,"dead:0, hurt:0"
199,2017-06-27 19:37,专家：印度靠美国与中国抗衡,印中边界冲突恰逢印度总理莫迪访美并非巧合；印度领导人访美的一个目的就是自己在亚洲、首先是在南亚与中国抗衡中获得来自美国在道义上的支持。接受俄罗斯卫星通讯社采访的专家们认为，作为印美峰会成果之一的印美军事合作的扩大，将给中印关系制造新一轮紧张。,印中边界冲突恰逢印度总理莫迪访美并非巧合；印度领导人访美的一个目的就是自己在亚洲、首先是在南亚与中国抗衡中获得来自美国在道义上的支持。接受俄罗斯卫星通讯社采访的专家们认为，作为印美峰会成果之一的印美军事合作的扩大，将给中印关系制造新一轮紧张。,http://sputniknews.cn/images/102105/45/1021054500.jpg;http://sputniknews.cn/images/102051/97/1020519798.jpg,http://sputniknews.cn/china/201706271022960009/,,,None,unknown,0,0,"dead:0, hurt:0"
200,2017-12-30 21:35,顿涅茨克人民共和国预警：乌克兰军队可能在新年期间进行破坏行动,顿涅茨克人民共和国作战指挥部代表爱德华•巴苏林表示，乌克兰军队可能会利用新年期间的停战协定时间准备在自称独立的顿涅茨克人民共和国境内进行破坏行动。,顿涅茨克人民共和国作战指挥部代表爱德华•巴苏林表示，乌克兰军队可能会利用新年期间的停战协定时间准备在自称独立的顿涅茨克人民共和国境内进行破坏行动。,http://sputniknews.cn/images/102397/15/1023971523.jpg;http://sputniknews.cn/images/102175/96/1021759629.jpg,http://sputniknews.cn/military/201712301024394353/,,,None,unknown,0,0,"dead:0, hurt:0"
201,2017-08-20 01:18,消息人士：警方正在调查恐怖主义团伙另外3名成员的下落,俄罗斯卫星通讯社马德里8月19日电 加泰罗尼亚当局内政部委员会消息人士对卫星通讯社表示，加泰罗尼亚执法机构正设法调查恐怖主义团伙另外3名成员的准确下落，这一团伙在巴塞罗那和坎布里尔斯实施了恐袭。,俄罗斯卫星通讯社马德里8月19日电 加泰罗尼亚当局内政部委员会消息人士对卫星通讯社表示，加泰罗尼亚执法机构正设法调查恐怖主义团伙另外3名成员的准确下落，这一团伙在巴塞罗那和坎布里尔斯实施了恐袭。,http://sputniknews.cn/images/102340/35/1023403568.jpg;http://sputniknews.cn/images/102340/21/1023402137.jpg,http://sputniknews.cn/society/201708201023403626/,,,None,unknown,0,0,"dead:0, hurt:0"
202,2017-09-19 15:39,印尼一名恐怖分子蓄谋袭击总统被捕,新加坡《海峡时报》（Strait Times）报道称，印度尼西亚当地恐怖组织一成员蓄谋袭击总统佐科·维多多，已被警方逮捕。,新加坡《海峡时报》（Strait Times）报道称，印度尼西亚当地恐怖组织一成员蓄谋袭击总统佐科·维多多，已被警方逮捕。,http://sputniknews.cn/images/102362/94/1023629472.jpg;http://sputniknews.cn/images/101890/08/1018900884.jpg,http://sputniknews.cn/politics/201709191023629655/,,,None,unknown,0,0,"dead:0, hurt:0"
203,2017-09-25 05:31,俄军中将在叙遭“伊斯兰国”炮火袭击身亡,俄罗斯卫星通讯社莫斯科9月24日电 俄国防部9月24日消息称，俄罗斯陆军中将瓦列里·阿萨珀夫在叙利亚因遭遇“伊斯兰国”（在俄被禁止）恐怖分子炮火袭击身亡。,俄罗斯卫星通讯社莫斯科9月24日电 俄国防部9月24日消息称，俄罗斯陆军中将瓦列里·阿萨珀夫在叙利亚因遭遇“伊斯兰国”（在俄被禁止）恐怖分子炮火袭击身亡。,http://sputniknews.cn/images/102366/60/1023666068.jpg;http://sputniknews.cn/images/102367/05/1023670519.jpg,http://sputniknews.cn/military/201709251023668299/,,,,unknown,0,0,"dead:0, hurt:0"
204,2017-09-05 10:11,俄国防部：两名俄合同兵在叙利亚代尔祖尔省遭IS袭击身亡,俄罗斯国防部周一发布消息称，俄罗斯两名合同兵在叙利亚代尔祖尔省因遭遇IS（在俄被禁组织）恐怖分子袭击而身亡。,俄罗斯国防部周一发布消息称，俄罗斯两名合同兵在叙利亚代尔祖尔省因遭遇IS（在俄被禁组织）恐怖分子袭击而身亡。,http://sputniknews.cn/images/102264/24/1022642453.jpg;http://sputniknews.cn/images/102141/91/1021419182.jpg,http://sputniknews.cn/military/201709051023521021/,,,,unknown,0,0,"dead:0, hurt:0"
205,2017-09-28 17:55,俄国家委员会:苏联化武落入恐怖分子手中的可能已被排除,俄罗斯卫星通讯社莫斯科9月28日电 俄罗斯销毁化学武器国家委员会副主席、工业和贸易部副部长卡拉马诺夫在接受卫星通讯社采访时表示，苏联化学武器落入第三方、包括恐怖分子手中的可能已被排除，因为所有化武库存此前都已公布，且此后一直在禁止化学武器组织的长期管控之下。,俄罗斯卫星通讯社莫斯科9月28日电 俄罗斯销毁化学武器国家委员会副主席、工业和贸易部副部长卡拉马诺夫在接受卫星通讯社采访时表示，苏联化学武器落入第三方、包括恐怖分子手中的可能已被排除，因为所有化武库存此前都已公布，且此后一直在禁止化学武器组织的长期管控之下。,http://sputniknews.cn/images/101559/24/1015592428.jpg;http://sputniknews.cn/images/102368/45/1023684570.jpg,http://sputniknews.cn/russia/201709281023696590/,,,None,unknown,0,0,"dead:0, hurt:0"
206,2017-12-05 22:27,媒体：巴基斯坦北部发生爆炸 已导致6人死亡,俄罗斯卫星通讯社新德里12月5日电 据巴基斯坦Geo TV电视台报道，该国北部米尔阿里市（Mir Ali）一辆载有炸弹的摩托车12月5日发生爆炸，6人死亡，8人受伤。,俄罗斯卫星通讯社新德里12月5日电 据巴基斯坦Geo TV电视台报道，该国北部米尔阿里市（Mir Ali）一辆载有炸弹的摩托车12月5日发生爆炸，6人死亡，8人受伤。,http://sputniknews.cn/images/101767/54/1017675449.jpg;http://sputniknews.cn/images/102418/05/1024180571.jpg,http://sputniknews.cn/politics/201712051024213057/,,,None,unknown,0,0,"dead:0, hurt:0"
207,2017-08-20 23:30,法国专家：恐怖主义威胁不断扩大,俄罗斯卫星通讯社莫斯科8月20日电 法国国家反恐中心负责人皮埃尔·德·布斯凯（Pierre Bousquet de Florian）表示，现在社会面临恐怖主义不断扩大的威胁。,俄罗斯卫星通讯社莫斯科8月20日电 法国国家反恐中心负责人皮埃尔·德·布斯凯（Pierre Bousquet de Florian）表示，现在社会面临恐怖主义不断扩大的威胁。,http://sputniknews.cn/images/102339/51/1023395104.jpg;http://sputniknews.cn/images/101824/01/1018240118.jpg,http://sputniknews.cn/society/201708201023405653/,,,None,unknown,0,0,"dead:0, hurt:0"
208,2017-07-27 22:22,美联社：美国支持的部队解放拉卡45％的领土,"美联社引述美国支持的""叙利亚民主力量""代表的话报道称， 该组织已经控制了恐怖组织""伊斯兰国""(在俄罗斯被禁止活动)大本营 — 叙利亚城市拉卡45%的领土。","美联社引述美国支持的""叙利亚民主力量""代表的话报道称， 该组织已经控制了恐怖组织""伊斯兰国""(在俄罗斯被禁止活动)大本营 — 叙利亚城市拉卡45%的领土。",http://sputniknews.cn/images/102215/92/1022159218.jpg;http://sputniknews.cn/images/102217/24/1022172429.jpg,http://sputniknews.cn/military/201707271023223063/,,,None,unknown,0,0,"dead:0, hurt:0"
209,2017-09-20 21:25,德内政部长：德国过去一年阻止了10余起恐怖袭击,俄罗斯卫星通讯社莫斯科9月20日电 德国内政部长托马斯·德迈齐埃表示，过去一年该部成功阻止了12-13起恐怖袭击。,俄罗斯卫星通讯社莫斯科9月20日电 德国内政部长托马斯·德迈齐埃表示，过去一年该部成功阻止了12-13起恐怖袭击。,http://sputniknews.cn/images/102339/95/1023399598.jpg;http://sputniknews.cn/images/102026/26/1020262607.jpg,http://sputniknews.cn/politics/201709201023641958/,,,None,unknown,0,0,"dead:0, hurt:0"
210,2017-11-02 05:50,美联邦调查局就纽约恐袭通缉又一名乌兹别克斯坦人,俄罗斯卫星通讯社华盛顿11月2日电 美国联邦调查局消息称，该部门正就纽约恐袭事件通缉乌兹别克斯坦公民卡季罗夫。,俄罗斯卫星通讯社华盛顿11月2日电 美国联邦调查局消息称，该部门正就纽约恐袭事件通缉乌兹别克斯坦公民卡季罗夫。,http://sputniknews.cn/images/102394/99/1023949997.jpg;http://sputniknews.cn/images/102394/49/1023944980.jpg,http://sputniknews.cn/society/201711021023949921/,,,None,unknown,0,0,"dead:0, hurt:0"
211,2018-01-10 01:21,消息人士：大马士革恐袭已造成5人死亡 逾30人受伤,俄罗斯卫星通讯社大马士革1月9日电 叙利亚大马士革警方消息人士9日向俄罗斯卫星通讯社透露，大马士革古城和卡萨（Kassaa）基督徒区遭恐怖分子炮击，遇难人数已升至5人，超过30名平民受伤。,俄罗斯卫星通讯社大马士革1月9日电 叙利亚大马士革警方消息人士9日向俄罗斯卫星通讯社透露，大马士革古城和卡萨（Kassaa）基督徒区遭恐怖分子炮击，遇难人数已升至5人，超过30名平民受伤。,http://sputniknews.cn/images/102444/54/1024445415.jpg;http://sputniknews.cn/images/102337/76/1023377655.jpg,http://sputniknews.cn/military/201801101024445451/,,,None,unknown,0,0,"dead:0, hurt:0"
212,2017-09-19 14:01,媒体：特朗普政府打算增加中情局使用作战无人机的次数,俄罗斯卫星通讯社莫斯科9月19日电 据NBC News电视台援引美国官员的话报道称，美国总统特朗普政府打算增加中情局使用作战无人机的次数。,俄罗斯卫星通讯社莫斯科9月19日电 据NBC News电视台援引美国官员的话报道称，美国总统特朗普政府打算增加中情局使用作战无人机的次数。,http://sputniknews.cn/images/102061/34/1020613430.jpg;http://sputniknews.cn/images/101736/66/1017366605.jpg,http://sputniknews.cn/military/201709191023629094/,,,None,unknown,0,0,"dead:0, hurt:0"
213,2017-11-15 00:37,莫斯科因匿名炸弹威胁电话浪潮损失250万美元,俄罗斯卫星通讯社莫斯科11月14日电 俄联邦安全局莫斯科总局副局长安德烈·亚岑科11月14日表示，莫斯科已因匿名炸弹威胁电话浪潮损失1.5亿卢布（约合250万美元）。,俄罗斯卫星通讯社莫斯科11月14日电 俄联邦安全局莫斯科总局副局长安德烈·亚岑科11月14日表示，莫斯科已因匿名炸弹威胁电话浪潮损失1.5亿卢布（约合250万美元）。,http://sputniknews.cn/images/102359/20/1023592010.jpg;http://sputniknews.cn/images/102359/26/1023592614.jpg,http://sputniknews.cn/russia/201711151024048986/,,,None,unknown,0,0,"dead:0, hurt:0"
214,2017-09-14 11:56,美国参议院拒绝撤回在伊拉克和阿富汗作战的许可,美国参议院周三拒绝撤回在伊拉克和阿富汗作战的许可，美国分别于2001年和2002年开始在两国开展军事行动。,美国参议院周三拒绝撤回在伊拉克和阿富汗作战的许可，美国分别于2001年和2002年开始在两国开展军事行动。,http://sputniknews.cn/images/102322/92/1023229267.jpg;http://sputniknews.cn/images/101420/92/1014209270.jpg,http://sputniknews.cn/politics/201709141023593900/,,,None,unknown,0,0,"dead:0, hurt:0"
215,2017-09-05 20:53,“伊斯兰国”或招募女性武装分子填补军队耗损,俄罗斯卫星通讯社莫斯科9月5日电 IHS Markit分析报告指出，伊斯兰国通过意识形态宣传呼吁妇女积极投身该恐怖组织的武装行动，以达到填补军队损耗的目的。,俄罗斯卫星通讯社莫斯科9月5日电 IHS Markit分析报告指出，伊斯兰国通过意识形态宣传呼吁妇女积极投身该恐怖组织的武装行动，以达到填补军队损耗的目的。,http://sputniknews.cn/images/102308/45/1023084514.jpg;http://sputniknews.cn/images/101495/52/1014955203.jpg,http://sputniknews.cn/military/201709051023527385/,,,None,unknown,0,0,"dead:0, hurt:0"
216,2017-08-16 13:59,俄安全会议秘书将在梁赞讨论保护中部交通设施免受恐怖主义威胁,俄罗斯安全会议秘书尼古拉•帕特鲁舍夫周三将在梁赞就中央联邦区国家安全保障问题主持会议。,俄罗斯安全会议秘书尼古拉•帕特鲁舍夫周三将在梁赞就中央联邦区国家安全保障问题主持会议。,http://sputniknews.cn/images/101784/32/1017843200.jpg;http://sputniknews.cn/images/102052/42/1020524202.jpg,http://sputniknews.cn/society/201708161023373591/,,,None,unknown,0,0,"dead:0, hurt:0"
217,2017-08-14 23:55,专家：“伊斯兰国”损失越惨重导致更多武装分子涌向俄罗斯,俄罗斯卫星通讯社莫斯科8月14日电 俄罗斯“阿尔法”反恐部队国际退伍军人协会主席谢尔盖·贡恰罗夫认为，莫斯科拘捕一批预谋实施系列恐袭的“伊斯兰国”恐怖组织成员（在俄罗斯被禁），由此证实情报机构的担忧，即叙利亚和伊拉克境内该组织惨败，越来越多的恐怖分子正在返回“母国”。,俄罗斯卫星通讯社莫斯科8月14日电 俄罗斯“阿尔法”反恐部队国际退伍军人协会主席谢尔盖·贡恰罗夫认为，莫斯科拘捕一批预谋实施系列恐袭的“伊斯兰国”恐怖组织成员（在俄罗斯被禁），由此证实情报机构的担忧，即叙利亚和伊拉克境内该组织惨败，越来越多的恐怖分子正在返回“母国”。,http://sputniknews.cn/images/102336/01/1023360149.jpg;http://sputniknews.cn/images/102335/89/1023358962.jpg,http://sputniknews.cn/military/201708141023360198/,,,None,unknown,0,0,"dead:0, hurt:0"
218,2017-08-19 20:51,媒体：“伊斯兰国”宣布对坎布里尔斯恐袭负责,俄罗斯卫星通讯社莫斯科8月19日电 法新社援引“伊斯兰国”控制的阿马克新闻社的消息报道，恐怖主义组织“伊斯兰国”宣布对西班牙坎布里尔斯恐袭负责。,俄罗斯卫星通讯社莫斯科8月19日电 法新社援引“伊斯兰国”控制的阿马克新闻社的消息报道，恐怖主义组织“伊斯兰国”宣布对西班牙坎布里尔斯恐袭负责。,http://sputniknews.cn/images/102340/19/1023401943.jpg;http://sputniknews.cn/images/102339/74/1023397407.jpg,http://sputniknews.cn/society/201708191023402006/,,,None,unknown,0,0,"dead:0, hurt:0"
219,2017-12-20 20:57,媒体：埃及警方在西奈半岛冲突期间消灭5名极端分子,俄罗斯卫星通讯社开罗12月20日电 据Sky News Arabia电视台报道，埃及安全部队在西奈半岛阿里什附近的机场与一伙极端分子发生冲突，期间消灭5名匪帮成员。,俄罗斯卫星通讯社开罗12月20日电 据Sky News Arabia电视台报道，埃及安全部队在西奈半岛阿里什附近的机场与一伙极端分子发生冲突，期间消灭5名匪帮成员。,http://sputniknews.cn/images/102271/97/1022719707.jpg;http://sputniknews.cn/images/101711/55/1017115525.jpg,http://sputniknews.cn/politics/201712201024324688/,,,None,unknown,0,0,"dead:0, hurt:0"
220,2017-09-22 20:54,观点：美情报部门在叙打起游击战,俄叙军方在叙利亚伊德利卜击退了武装分子的进攻。俄罗斯政治学家、历史学副博士米哈伊尔·斯莫林在卫星通讯社电台节目中对袭击冲突降级区的目的做出了解读。,俄叙军方在叙利亚伊德利卜击退了武装分子的进攻。俄罗斯政治学家、历史学副博士米哈伊尔·斯莫林在卫星通讯社电台节目中对袭击冲突降级区的目的做出了解读。,http://sputniknews.cn/images/102226/66/1022266679.jpg;http://sputniknews.cn/images/102242/80/1022428086.jpg,http://sputniknews.cn/military/201709221023657832/,,,None,unknown,0,0,"dead:0, hurt:0"
221,2017-11-01 09:35,特朗普对纽约恐袭遇难者及其家属表示哀悼和慰问,俄罗斯卫星通讯社莫斯科11月1日电 美国总统特朗普对纽约恐袭遇难者表示哀悼，并对他们的家属表示慰问。,俄罗斯卫星通讯社莫斯科11月1日电 美国总统特朗普对纽约恐袭遇难者表示哀悼，并对他们的家属表示慰问。,http://sputniknews.cn/images/102331/30/1023313062.jpg;http://sputniknews.cn/images/102393/64/1023936418.jpg,http://sputniknews.cn/society/201711011023936787/,,,None,unknown,0,0,"dead:0, hurt:0"
222,2018-01-29 09:20,华媒：台湾一炼油厂爆炸 伤亡不明,据环球网报道，台湾桃园“中油”公司桃园炼油厂今天清晨发生火警，过程中传出数声爆炸巨响，并窜出大量浓烟。,据环球网报道，台湾桃园“中油”公司桃园炼油厂今天清晨发生火警，过程中传出数声爆炸巨响，并窜出大量浓烟。,http://sputniknews.cn/images/101984/90/1019849038.jpg;http://sputniknews.cn/images/101852/20/1018522020.jpg,http://sputniknews.cn/society/201801291024580933/,,,None,unknown,0,0,"dead:0, hurt:0"
223,2017-08-20 20:38,加泰罗尼亚警方：一名恐怖袭击嫌疑人可能曾去过中欧,俄罗斯卫星通讯社马德里8月20日电 西班牙加泰罗尼亚执法部门负责人Josep Luis Trapero表示，加泰罗尼亚警方认为，一名西班牙恐怖袭击案件的嫌疑人可能曾去过中欧的某个国家。,俄罗斯卫星通讯社马德里8月20日电 西班牙加泰罗尼亚执法部门负责人Josep Luis Trapero表示，加泰罗尼亚警方认为，一名西班牙恐怖袭击案件的嫌疑人可能曾去过中欧的某个国家。,http://sputniknews.cn/images/102340/50/1023405042.jpg;http://sputniknews.cn/images/102339/27/1023392789.jpg,http://sputniknews.cn/society/201708201023405260/,,,None,unknown,0,0,"dead:0, hurt:0"
224,2018-02-08 06:48,美国指责叙亲政府组织袭击“叙利亚民主力量”总部,俄罗斯卫星通讯社华盛顿2月8日电 美国主导的打击恐怖组织“伊斯兰国”国际联盟7日发表声明表示，叙利亚亲政府武装组织袭击了“叙利亚民主力量”（SDF）的总部。,俄罗斯卫星通讯社华盛顿2月8日电 美国主导的打击恐怖组织“伊斯兰国”国际联盟7日发表声明表示，叙利亚亲政府武装组织袭击了“叙利亚民主力量”（SDF）的总部。,http://sputniknews.cn/images/102449/47/1024494718.jpg;http://sputniknews.cn/images/102389/81/1023898133.jpg,http://sputniknews.cn/military/201802081024664019/,,,None,unknown,0,0,"dead:0, hurt:0"
225,2017-11-01 16:22,中国外交部：中方谴责纽约袭击案,俄罗斯卫星通讯社北京11月1日电 中国外交部新闻发言人华春莹1日在例行记者会上表示，中方谴责纽约袭击案，暂未收到中国公民在此次袭击事件中伤亡的报告。,俄罗斯卫星通讯社北京11月1日电 中国外交部新闻发言人华春莹1日在例行记者会上表示，中方谴责纽约袭击案，暂未收到中国公民在此次袭击事件中伤亡的报告。,http://sputniknews.cn/images/102394/13/1023941305.jpg;http://sputniknews.cn/images/102392/99/1023929928.jpg,http://sputniknews.cn/society/201711011023941351/,,,None,unknown,0,0,"dead:0, hurt:0"
226,2017-08-18 16:02,中国外交部：两名台湾同胞在巴塞罗那恐袭中受重伤,俄罗斯卫星通讯社北京8月18日电 中国外交部新闻发言人华春莹18日在例行记者会上表示，两名台湾同胞在巴塞罗那恐袭中受重伤，另外一名香港同胞受轻伤已出院。,俄罗斯卫星通讯社北京8月18日电 中国外交部新闻发言人华春莹18日在例行记者会上表示，两名台湾同胞在巴塞罗那恐袭中受重伤，另外一名香港同胞受轻伤已出院。,http://sputniknews.cn/images/101562/49/1015624911.jpg;http://sputniknews.cn/images/102338/98/1023389851.jpg,http://sputniknews.cn/china/201708181023393677/,,,None,unknown,0,0,"dead:0, hurt:0"
227,2018-02-01 19:41,2017年俄罗斯恐怖主义犯罪案数量下降16%,俄罗斯卫星通讯社莫斯科2月1日电 俄罗斯联邦总检察院法律统计网的数据显示，2017年在俄罗斯记录的涉恐主义犯罪案数量下降了16%，已抓获的罪犯人数增长了34%。,俄罗斯卫星通讯社莫斯科2月1日电 俄罗斯联邦总检察院法律统计网的数据显示，2017年在俄罗斯记录的涉恐主义犯罪案数量下降了16%，已抓获的罪犯人数增长了34%。,http://sputniknews.cn/images/101838/45/1018384541.jpg;http://sputniknews.cn/images/102130/87/1021308721.jpg,http://sputniknews.cn/russia/201802011024612349/,,,None,unknown,0,0,"dead:0, hurt:0"
228,2017-12-27 17:00,日本最高法院裁定奥姆真理教信徒菊地直子无罪,俄罗斯卫星通讯社东京12月27日电 日本最高法院作出终审判决，支持东京高等法院的无罪判决，裁定奥姆真理教信徒菊地直子无罪。,俄罗斯卫星通讯社东京12月27日电 日本最高法院作出终审判决，支持东京高等法院的无罪判决，裁定奥姆真理教信徒菊地直子无罪。,http://sputniknews.cn/images/102429/33/1024293381.jpg;http://sputniknews.cn/images/101874/33/1018743379.jpg,http://sputniknews.cn/society/201712271024370199/,,,None,unknown,0,0,"dead:0, hurt:0"
229,2017-10-02 16:32,俄安全局制止一个深藏莫斯科地区的“伊斯兰国”分支活动,俄罗斯卫星通讯社莫斯科10月2日电 俄联邦安全局表示，俄联邦安全局制止了一个深藏的国际恐怖组织“伊斯兰国”分支的非法活动。,俄罗斯卫星通讯社莫斯科10月2日电 俄联邦安全局表示，俄联邦安全局制止了一个深藏的国际恐怖组织“伊斯兰国”分支的非法活动。,http://sputniknews.cn/images/101866/64/1018666457.jpg;http://sputniknews.cn/images/102052/40/1020524052.jpg,http://sputniknews.cn/russia/201710021023718672/,,,None,unknown,0,0,"dead:0, hurt:0"
230,2017-11-07 12:32,俄内务部发现150个少数民族团伙并逮捕其中的800人,俄罗斯卫星通讯社莫斯科11月7日电  俄罗斯联邦内务部部长科洛科利采夫宣布发现150个少数民族团伙，并逮捕其中的800人，包括这些团伙的头目。,俄罗斯卫星通讯社莫斯科11月7日电  俄罗斯联邦内务部部长科洛科利采夫宣布发现150个少数民族团伙，并逮捕其中的800人，包括这些团伙的头目。,http://sputniknews.cn/images/102352/08/1023520854.jpg;http://sputniknews.cn/images/101879/95/1018799596.jpg,http://sputniknews.cn/society/201711071023985571/,,,None,unknown,0,0,"dead:0, hurt:0"
231,2017-08-14 18:39,俄联邦安全局成功阻止在莫斯科的恐怖袭击,俄罗斯卫星通讯社莫斯科8月14日电 俄联邦安全局8月14日消息称，俄联邦安全局拘捕了恐怖组织“伊斯兰国”（在俄被禁止）的分支成员，后者计划在莫斯科交通设施和大型商场实施恐怖袭击。,俄罗斯卫星通讯社莫斯科8月14日电 俄联邦安全局8月14日消息称，俄联邦安全局拘捕了恐怖组织“伊斯兰国”（在俄被禁止）的分支成员，后者计划在莫斯科交通设施和大型商场实施恐怖袭击。,http://sputniknews.cn/images/102335/67/1023356710.jpg;http://sputniknews.cn/images/101905/71/1019057180.jpg,http://sputniknews.cn/russia/201708141023356891/,,,None,unknown,0,0,"dead:0, hurt:0"
232,2018-01-20 02:22,俄外交部：将化武责任归咎于叙政府毫无逻辑,俄罗斯卫星通讯社莫斯科1月19日电  俄罗斯外交部新闻司发表评论表示，俄罗斯认为，将叙利亚境内使用化学武器的责任归咎于大马士革的企图完全没有逻辑，这种做法目的是为恐怖分子找到生路。,俄罗斯卫星通讯社莫斯科1月19日电  俄罗斯外交部新闻司发表评论表示，俄罗斯认为，将叙利亚境内使用化学武器的责任归咎于大马士革的企图完全没有逻辑，这种做法目的是为恐怖分子找到生路。,http://sputniknews.cn/images/102345/29/1023452909.jpg;http://sputniknews.cn/images/102433/52/1024335204.jpg,http://sputniknews.cn/politics/201801201024522599/,,,None,unknown,0,0,"dead:0, hurt:0"
233,2017-11-02 18:15,俄副外长：美国毫无根据地指责叙政府在汉谢洪使用化学武器,俄罗斯卫星通讯社索契11月2日电 俄副外长里亚布科夫称，美国毫无根据地指责叙利亚政府在汉谢洪使用化学武器。,俄罗斯卫星通讯社索契11月2日电 俄副外长里亚布科夫称，美国毫无根据地指责叙利亚政府在汉谢洪使用化学武器。,http://sputniknews.cn/images/102386/06/1023860669.jpg;http://sputniknews.cn/images/102310/72/1023107239.jpg,http://sputniknews.cn/politics/201711021023954112/,,,None,unknown,0,0,"dead:0, hurt:0"
234,2017-10-24 10:27,俄安全委秘书将主持讨论西伯利亚保障国家安全问题,俄罗斯联邦安全委员会秘书尼古拉•帕特鲁舍夫周二将赴巴尔瑙尔召开会议，讨论西伯利亚联邦区保障国家安全的现实问题。,俄罗斯联邦安全委员会秘书尼古拉•帕特鲁舍夫周二将赴巴尔瑙尔召开会议，讨论西伯利亚联邦区保障国家安全的现实问题。,http://sputniknews.cn/images/102460/10/1024601024.jpg;http://sputniknews.cn/images/101838/45/1018384542.jpg,http://sputniknews.cn/society/201710241023875279/,,,None,unknown,0,0,"dead:0, hurt:0"
235,2017-07-03 21:25,中吉边防部门举行天山-3号联合反恐演习,俄罗斯卫星通讯社比什凯克7月3日电 据吉尔吉斯斯坦边防局新闻处代表7月3日对俄罗斯卫星通讯社称，吉中联合反恐演习“天山-3号”在上合组织成员国协作框架内于两国边境举行。,俄罗斯卫星通讯社比什凯克7月3日电 据吉尔吉斯斯坦边防局新闻处代表7月3日对俄罗斯卫星通讯社称，吉中联合反恐演习“天山-3号”在上合组织成员国协作框架内于两国边境举行。,http://sputniknews.cn/images/101514/63/1015146353.jpg;http://sputniknews.cn/images/102077/94/1020779412.jpg,http://sputniknews.cn/military/201707031023012350/,,,None,unknown,0,0,"dead:0, hurt:0"
236,2017-09-06 22:02,俄驻缅甸大使馆就缅大城市可能将遭到恐怖袭发布通知,俄罗斯卫星通讯社莫斯科9月6日电 俄罗斯驻缅甸大使通告俄罗斯公民，缅甸大城市有可能发生恐怖袭击，呼吁俄罗斯公民不要前往人多的地方。,俄罗斯卫星通讯社莫斯科9月6日电 俄罗斯驻缅甸大使通告俄罗斯公民，缅甸大城市有可能发生恐怖袭击，呼吁俄罗斯公民不要前往人多的地方。,http://sputniknews.cn/images/102353/78/1023537834.jpg;http://sputniknews.cn/images/102217/60/1022176033.jpg,http://sputniknews.cn/politics/201709061023537918/,,,,unknown,0,0,"dead:0, hurt:0"
237,2017-07-21 18:52,真主党与叙政府军在黎叙边境从恐怖分子手中夺取多个高地,俄罗斯卫星通讯社贝鲁特7月21日电 据黎巴嫩真主党的消息人士向俄罗斯卫星通讯社表示，真主党战士与叙利亚政府军联手在黎巴嫩和叙利亚接壤的边境地区从恐怖分子手中夺取多个高地。,俄罗斯卫星通讯社贝鲁特7月21日电 据黎巴嫩真主党的消息人士向俄罗斯卫星通讯社表示，真主党战士与叙利亚政府军联手在黎巴嫩和叙利亚接壤的边境地区从恐怖分子手中夺取多个高地。,http://sputniknews.cn/images/102317/54/1023175486.jpg;http://sputniknews.cn/images/102162/16/1021621629.jpg,http://sputniknews.cn/military/201707211023175517/,,,None,unknown,0,0,"dead:0, hurt:0"
238,2018-01-01 19:09,普京签署法律将“电话恐怖主义”刑罚提高至10年监禁,俄罗斯卫星通讯社莫斯科1月1日电 俄罗斯总统普京签署法律，将“电话恐怖主义”的刑罚提高至10年监禁。,俄罗斯卫星通讯社莫斯科1月1日电 俄罗斯总统普京签署法律，将“电话恐怖主义”的刑罚提高至10年监禁。,http://sputniknews.cn/images/102190/03/1021900376.jpg;http://sputniknews.cn/images/102362/34/1023623412.jpg,http://sputniknews.cn/russia/201801011024400180/,,,None,unknown,0,0,"dead:0, hurt:0"
239,2017-08-24 10:24,俄专家：美国对阿富汗新战略旨在遏制俄中两国,俄罗斯卫星通讯社莫斯科8月24日电 莫斯科国立大学世界政治系国际安全教研室副教授阿列克谢·费年科向卫星通讯社表示，美国加强在阿富汗存在是因为前奥巴马政府的对阿政策失败，该新战略的目的首先在于遏制俄中两国。,俄罗斯卫星通讯社莫斯科8月24日电 莫斯科国立大学世界政治系国际安全教研室副教授阿列克谢·费年科向卫星通讯社表示，美国加强在阿富汗存在是因为前奥巴马政府的对阿政策失败，该新战略的目的首先在于遏制俄中两国。,http://sputniknews.cn/images/101420/92/1014209269.jpg;http://sputniknews.cn/images/101725/94/1017259485.jpg,http://sputniknews.cn/politics/201708241023433330/,,,None,unknown,0,0,"dead:0, hurt:0"
240,2017-12-05 13:41,以军方：以色列南部遭到来自埃及的炮击,俄罗斯卫星通讯社特拉维夫12月5日电 以色列军方发布消息称，从埃及边境地区向以色列南部发射了两枚火箭。,俄罗斯卫星通讯社特拉维夫12月5日电 以色列军方发布消息称，从埃及边境地区向以色列南部发射了两枚火箭。,http://sputniknews.cn/images/101913/80/1019138060.jpg;http://sputniknews.cn/images/101961/79/1019617908.jpg,http://sputniknews.cn/military/201712051024207925/,,,None,unknown,0,0,"dead:0, hurt:0"
241,2017-12-03 00:51,土耳其62人涉嫌与ISIS有染被捕,"据《自由报》消息，土耳其62人涉嫌与""伊斯兰国""有染被捕。","据《自由报》消息，土耳其62人涉嫌与""伊斯兰国""有染被捕。",http://sputniknews.cn/images/102374/69/1023746965.jpg;http://sputniknews.cn/images/102032/49/1020324941.jpg,http://sputniknews.cn/politics/201712031024194356/,,,None,unknown,0,0,"dead:0, hurt:0"
242,2018-02-11 14:51,尼日利亚境内“博科圣地”释放十余名人质,俄罗斯卫星通讯社莫斯科2月11日电 尼日利亚总统穆罕默德·布哈里办公厅发布消息称，“博科圣地”恐怖组织武装分子，在结束与尼当局的谈判后，释放了13名在该国被绑架的人质。,俄罗斯卫星通讯社莫斯科2月11日电 尼日利亚总统穆罕默德·布哈里办公厅发布消息称，“博科圣地”恐怖组织武装分子，在结束与尼当局的谈判后，释放了13名在该国被绑架的人质。,http://sputniknews.cn/images/102086/54/1020865477.jpg;http://sputniknews.cn/images/102150/15/1021501541.jpg,http://sputniknews.cn/society/201802111024688374/,,,None,unknown,0,0,"dead:0, hurt:0"
243,2018-02-26 07:31,英国警方暂未考虑莱斯特爆炸恐袭可能,俄罗斯卫星通讯社伦敦2月26日电 英国警方表示，目前没有任何证据表明莱斯特市爆炸是恐怖袭击，并恳请人们不要炒作该话题。,俄罗斯卫星通讯社伦敦2月26日电 英国警方表示，目前没有任何证据表明莱斯特市爆炸是恐怖袭击，并恳请人们不要炒作该话题。,http://sputniknews.cn/images/102479/05/1024790573.jpg;http://sputniknews.cn/images/102268/72/1022687258.jpg,http://sputniknews.cn/society/201802261024790597/,,,None,unknown,0,0,"dead:0, hurt:0"
244,2017-11-24 23:27,媒体：埃及军方无人机已消灭15名参与西奈半岛清真寺恐袭的激进分子,据阿拉伯天空新闻电视台报道，埃及军方无人机在荒漠消灭15名参与西奈半岛清真寺恐袭的激进分子。,据阿拉伯天空新闻电视台报道，埃及军方无人机在荒漠消灭15名参与西奈半岛清真寺恐袭的激进分子。,http://sputniknews.cn/images/102412/97/1024129727.jpg;http://sputniknews.cn/images/102412/94/1024129407.jpg,http://sputniknews.cn/society/201711241024129637/,,,None,unknown,0,0,"dead:0, hurt:0"
245,2017-10-20 19:01,俄外长：打击化学恐怖主义需统一国际标准,俄罗斯卫星通讯社莫斯科10月20日电 俄罗斯外长拉夫罗夫表示，应该集体打击化学恐怖主义，为此需要统一的国际标准。,俄罗斯卫星通讯社莫斯科10月20日电 俄罗斯外长拉夫罗夫表示，应该集体打击化学恐怖主义，为此需要统一的国际标准。,http://sputniknews.cn/images/101837/44/1018374465.jpg;http://sputniknews.cn/images/102376/33/1023763374.jpg,http://sputniknews.cn/military/201710201023854261/,,,None,unknown,0,0,"dead:0, hurt:0"
246,2017-08-19 20:58,“达伊沙”中出现了威胁欧洲的新兵种,退役上校、军事杂志《DEF》专家和中东问题专家奥马尔·洛卡泰利对俄罗斯卫星通讯社称，“达伊沙”（恐怖组织，在俄罗斯被禁）有三种类型的雇佣兵：普通士兵、炸弹死士和所谓的“inghimasi（圣战士）”，也就是“敢死队”。洛卡泰利曾是阿根廷驻以色列武官。,退役上校、军事杂志《DEF》专家和中东问题专家奥马尔·洛卡泰利对俄罗斯卫星通讯社称，“达伊沙”（恐怖组织，在俄罗斯被禁）有三种类型的雇佣兵：普通士兵、炸弹死士和所谓的“inghimasi（圣战士）”，也就是“敢死队”。洛卡泰利曾是阿根廷驻以色列武官。,http://sputniknews.cn/images/102339/67/1023396746.jpg;http://sputniknews.cn/images/102011/54/1020115434.jpg,http://sputniknews.cn/politics/201708191023402044/,,,None,unknown,0,0,"dead:0, hurt:0"
247,2017-11-15 23:36,视频：叙利亚军队夺取达伊沙组织的新武器仓库（视频）,叙利亚军队将代尔祖尔街区从达伊沙组织手中解放出来，并在当地发现了大量有致命杀伤性武器的仓库。参加解放由恐怖分子控制的代尔祖尔地区的叙利亚军方对俄罗斯卫星通讯社通报了事件详情。,叙利亚军队将代尔祖尔街区从达伊沙组织手中解放出来，并在当地发现了大量有致命杀伤性武器的仓库。参加解放由恐怖分子控制的代尔祖尔地区的叙利亚军方对俄罗斯卫星通讯社通报了事件详情。,http://sputniknews.cn/images/102405/89/1024058997.jpg,http://sputniknews.cn/military/201711151024059525/,,,None,unknown,0,0,"dead:0, hurt:0"
248,2018-02-07 12:32,苏-25编队僚机飞行员讲述掩护菲利波夫少校过程,俄罗斯国防部机关报《红星报》发布消息称，在叙利亚上空被击落后与恐怖分子战斗至死的苏-25SM攻击机编队指挥官罗曼·菲利波夫少校的僚机飞行员表示，他曾在空中用火力支援指挥官，直到燃料和弹药耗尽。,俄罗斯国防部机关报《红星报》发布消息称，在叙利亚上空被击落后与恐怖分子战斗至死的苏-25SM攻击机编队指挥官罗曼·菲利波夫少校的僚机飞行员表示，他曾在空中用火力支援指挥官，直到燃料和弹药耗尽。,http://sputniknews.cn/images/102464/84/1024648459.jpg;http://sputniknews.cn/images/102464/97/1024649705.jpg,http://sputniknews.cn/military/201802071024654257/,,,None,unknown,0,0,"dead:0, hurt:0"
249,2017-07-11 20:18,顿涅茨克人民共和国：外国教官训练乌军使用恐怖手段作战,俄罗斯卫星通讯社顿涅茨克7月11日电 自行宣布成立的顿涅茨克人民共和国作战指挥部副司令爱德华∙巴苏林向记者表示，外国教官正在顿巴斯训练乌克兰强力人员使用恐怖主义手段作战。,俄罗斯卫星通讯社顿涅茨克7月11日电 自行宣布成立的顿涅茨克人民共和国作战指挥部副司令爱德华∙巴苏林向记者表示，外国教官正在顿巴斯训练乌克兰强力人员使用恐怖主义手段作战。,http://sputniknews.cn/images/102251/29/1022512969.jpg;http://sputniknews.cn/images/101595/28/1015952893.jpg,http://sputniknews.cn/military/201707111023084186/,,,None,unknown,0,0,"dead:0, hurt:0"
250,2017-09-28 17:48,俄国家委员会:苏联化武落入恐怖分子手中的可能已被排除,俄罗斯卫星通讯社莫斯科9月28日电 俄罗斯销毁化学武器国家委员会副主席、工业和贸易部副部长卡拉马诺夫在接受卫星通讯社采访时表示，苏联化学武器落入第三方、包括恐怖分子手中的可能已被排除，因为所有化武库存此前都已公布，且此后一直在禁止化学武器组织的长期管控之下。,俄罗斯卫星通讯社莫斯科9月28日电 俄罗斯销毁化学武器国家委员会副主席、工业和贸易部副部长卡拉马诺夫在接受卫星通讯社采访时表示，苏联化学武器落入第三方、包括恐怖分子手中的可能已被排除，因为所有化武库存此前都已公布，且此后一直在禁止化学武器组织的长期管控之下。,http://sputniknews.cn/images/102284/20/1022842002.jpg;http://sputniknews.cn/images/101837/44/1018374466.jpg,http://sputniknews.cn/society/201709281023696489/,,,None,unknown,0,0,"dead:0, hurt:0"
251,2017-10-09 15:00,叙境内袭击俄军警的武装分子拥有美欧产武器,俄罗斯卫星通讯社大马士革10月9日电 叙利亚政府军代表瓦利德∙哈利向记者表示，9月18日在叙境内袭击俄军警观察哨的恐怖组织“征服阵线”武装分子拥有美国、比利时和法国产的武器。,俄罗斯卫星通讯社大马士革10月9日电 叙利亚政府军代表瓦利德∙哈利向记者表示，9月18日在叙境内袭击俄军警观察哨的恐怖组织“征服阵线”武装分子拥有美国、比利时和法国产的武器。,http://sputniknews.cn/images/102374/05/1023740501.jpg;http://sputniknews.cn/images/102199/40/1021994083.jpg,http://sputniknews.cn/military/201710091023767387/,,,None,unknown,0,0,"dead:0, hurt:0"
252,2017-08-24 02:17,英国法院判处一名策划在航班上实施恐袭的男子18年监禁,俄罗斯卫星通讯社莫斯科8月23日电 据英国《每日电讯报》报道，当地法院判处一名策划在航班上实施恐怖袭击的男子18年监禁。,俄罗斯卫星通讯社莫斯科8月23日电 据英国《每日电讯报》报道，当地法院判处一名策划在航班上实施恐怖袭击的男子18年监禁。,http://sputniknews.cn/images/102260/85/1022608599.jpg;http://sputniknews.cn/images/101711/15/1017111548.jpg,http://sputniknews.cn/politics/201708241023432715/,,,None,unknown,0,0,"dead:0, hurt:0"
253,2018-02-16 17:34,土警方在安卡拉反美游行中使用催泪瓦斯,俄罗斯卫星通讯社安卡拉2月16日电 土耳其反对党“爱国党”青年分支领导人Aykut Diş向卫星通讯社表示，土耳其警方针对安卡拉反美游行的参与者使用催泪瓦斯，游行因美国国务卿蒂勒森访问而进行。,俄罗斯卫星通讯社安卡拉2月16日电 土耳其反对党“爱国党”青年分支领导人Aykut Diş向卫星通讯社表示，土耳其警方针对安卡拉反美游行的参与者使用催泪瓦斯，游行因美国国务卿蒂勒森访问而进行。,http://sputniknews.cn/images/102472/96/1024729658.jpg;http://sputniknews.cn/images/102472/93/1024729387.jpg,http://sputniknews.cn/military/201802161024730013/,,,None,unknown,0,0,"dead:0, hurt:0"
254,2017-12-16 14:44,"特朗普：签证抽签向美国输入了""最糟糕的"" 外来移民",据白宫消息，美国总统特朗普表示，必须废除签证抽签。这种做法导致“最糟糕的”外国公民进入美国。,据白宫消息，美国总统特朗普表示，必须废除签证抽签。这种做法导致“最糟糕的”外国公民进入美国。,http://sputniknews.cn/images/102169/84/1021698465.jpg;http://sputniknews.cn/images/102388/33/1023883351.jpg,http://sputniknews.cn/politics/201712161024297405/,,,None,unknown,0,0,"dead:0, hurt:0"
255,2017-11-25 13:21,埃及武装力量于西奈清真寺恐袭后摧毁武装分子车辆及弹药库,俄罗斯卫星通讯社莫斯科11月25日电 阿拉伯电视台（Al Arabiya）援引埃及武装力量发言人Tamer Rifai报道，该国空军在空袭中摧毁了数辆参与西奈北部一座清真寺恐袭的车辆，以及数个武装分子弹药库。。,俄罗斯卫星通讯社莫斯科11月25日电 阿拉伯电视台（Al Arabiya）援引埃及武装力量发言人Tamer Rifai报道，该国空军在空袭中摧毁了数辆参与西奈北部一座清真寺恐袭的车辆，以及数个武装分子弹药库。。,http://sputniknews.cn/images/102413/08/1024130809.jpg;http://sputniknews.cn/images/102413/01/1024130142.jpg,http://sputniknews.cn/politics/201711251024130790/,,,None,unknown,0,0,"dead:0, hurt:0"
256,2018-01-24 20:48,“伊斯兰国”宣布对阿富汗东部“救助儿童会”办公室遭袭事件负责,俄罗斯卫星通讯社莫斯科1月24日电 “伊斯兰国”恐怖组织武装分子宣布为国际慈善组织救助儿童会在阿富汗贾拉拉巴德的办公室遭到袭击事件负责。,俄罗斯卫星通讯社莫斯科1月24日电 “伊斯兰国”恐怖组织武装分子宣布为国际慈善组织救助儿童会在阿富汗贾拉拉巴德的办公室遭到袭击事件负责。,http://sputniknews.cn/images/102455/39/1024553919.jpg;http://sputniknews.cn/images/102455/31/1024553142.jpg,http://sputniknews.cn/military/201801241024553955/,,,None,unknown,0,0,"dead:0, hurt:0"
257,2017-06-14 18:53,叙空军对拉卡省西部“伊斯兰国”武装分子实施打击,俄罗斯卫星通讯社莫斯科6月14日电 阿拉伯叙利亚通讯社援引军方消息人士报道，叙利亚空军对该国拉卡省西部近郊的恐怖组织“伊斯兰国”武装分子实施了打击。,俄罗斯卫星通讯社莫斯科6月14日电 阿拉伯叙利亚通讯社援引军方消息人士报道，叙利亚空军对该国拉卡省西部近郊的恐怖组织“伊斯兰国”武装分子实施了打击。,http://sputniknews.cn/images/102214/72/1022147295.jpg;http://sputniknews.cn/images/102283/37/1022833764.jpg,http://sputniknews.cn/military/201706141022857771/,,,None,unknown,0,0,"dead:0, hurt:0"
258,2017-06-21 10:36,外媒：与IS有关的武装分子袭击菲律宾南部一学校,俄罗斯卫星通讯社莫斯科6月21日电 据路透社援引警方的话报道，与“伊斯兰国”恐怖组织有关的武装分子袭击了菲律宾南部一学校。,俄罗斯卫星通讯社莫斯科6月21日电 据路透社援引警方的话报道，与“伊斯兰国”恐怖组织有关的武装分子袭击了菲律宾南部一学校。,http://sputniknews.cn/images/101747/62/1017476222.jpg;http://sputniknews.cn/images/102268/19/1022681942.jpg,http://sputniknews.cn/society/201706211022908340/,,,None,unknown,0,0,"dead:0, hurt:0"
259,2018-01-12 10:52,乌克兰否认参与袭击俄驻叙基地,基辅政府否认乌方疑似参与袭击俄驻叙空军基地的消息。,基辅政府否认乌方疑似参与袭击俄驻叙空军基地的消息。,http://sputniknews.cn/images/102446/06/1024460696.jpg;http://sputniknews.cn/images/102444/55/1024445572.jpg,http://sputniknews.cn/military/201801121024464059/,,,None,unknown,0,0,"dead:0, hurt:0"
260,2017-08-19 18:55,媒体：摩洛哥在巴塞罗那恐袭后加强与西班牙飞地交界地区的安全措施,俄罗斯卫星通讯社莫斯科8月19日电 摩洛哥门户网站Le360援引地方媒体的消息报道，在西班牙发生恐怖袭击后，摩洛哥加强了包括该国北部与西班牙飞地交界地区附近的安全措施。,俄罗斯卫星通讯社莫斯科8月19日电 摩洛哥门户网站Le360援引地方媒体的消息报道，在西班牙发生恐怖袭击后，摩洛哥加强了包括该国北部与西班牙飞地交界地区附近的安全措施。,http://sputniknews.cn/images/101847/31/1018473188.jpg;http://sputniknews.cn/images/102339/01/1023390142.jpg,http://sputniknews.cn/politics/201708191023401370/,,,,unknown,0,0,"dead:0, hurt:0"
261,2017-11-23 17:57,卢甘斯克内务部：乌东部两共和国在卢甘斯克挫败基辅控制的犯罪小组,俄罗斯卫星通讯社卢甘斯克11月23日电 卢甘斯克人民共和国内务部部长科尔涅特在声明中称，该共和国与顿涅茨克人民共和国情报部门在卢甘斯克挫败受乌克兰军事情报部门控制的犯罪团伙。,俄罗斯卫星通讯社卢甘斯克11月23日电 卢甘斯克人民共和国内务部部长科尔涅特在声明中称，该共和国与顿涅茨克人民共和国情报部门在卢甘斯克挫败受乌克兰军事情报部门控制的犯罪团伙。,http://sputniknews.cn/images/101487/10/1014871091.jpg;http://sputniknews.cn/images/102157/77/1021577722.jpg,http://sputniknews.cn/politics/201711231024118358/,,,None,unknown,0,0,"dead:0, hurt:0"
262,2017-10-30 17:42,美国中情局会暗杀金正恩吗?,美国中情局幕后策划的政治谋杀，出现在许多记者调查中。例如，2009年出版的亚历山大·科伯恩《A Damned Murder Inc.》一书，或者70年代参议院的调查材料。,美国中情局幕后策划的政治谋杀，出现在许多记者调查中。例如，2009年出版的亚历山大·科伯恩《A Damned Murder Inc.》一书，或者70年代参议院的调查材料。,http://sputniknews.cn/images/102364/79/1023647919.jpg;http://sputniknews.cn/images/102175/15/1021751590.png,http://sputniknews.cn/opinion/201710301023922962/,,,None,unknown,0,0,"dead:0, hurt:0"
263,2017-09-20 17:50,媒体：澳大利亚警方称悉尼发生大型恐怖袭击不可避免,俄罗斯卫星通讯社莫斯科9月20日电 澳大利亚新南威尔斯州警长助理马克·默多克称在悉尼发生重大恐怖袭击不可避免。,俄罗斯卫星通讯社莫斯科9月20日电 澳大利亚新南威尔斯州警长助理马克·默多克称在悉尼发生重大恐怖袭击不可避免。,http://sputniknews.cn/images/101364/60/1013646030.jpg;http://sputniknews.cn/images/102218/49/1022184926.jpg,http://sputniknews.cn/society/201709201023639109/,,,,unknown,0,0,"dead:0, hurt:0"
264,2018-03-11 19:38,俄联邦安全局称在萨拉托夫州阻止了一起恐怖袭击,俄罗斯卫星通讯社莫斯科3月11日电 俄联邦安全局表示，该局在萨拉托夫州阻止了一起由隐秘的恐怖组织分部成员策划的恐怖袭击，已经进行了立案。,俄罗斯卫星通讯社莫斯科3月11日电 俄联邦安全局表示，该局在萨拉托夫州阻止了一起由隐秘的恐怖组织分部成员策划的恐怖袭击，已经进行了立案。,http://sputniknews.cn/images/102477/37/1024773759.jpg;http://sputniknews.cn/images/102485/66/1024856626.jpg,http://sputniknews.cn/russia/201803111024883412/,,,None,unknown,0,0,"dead:0, hurt:0"
265,2017-09-01 23:37,一名中亚人在法庭上承认策划9月1日在莫斯科实施恐袭,俄罗斯卫星通讯社莫斯科9月1日电 据卫星通讯社记者从莫斯科梅先斯基法院发回的报道，一名来自中亚的移民承认自己准备于9月1日在莫斯科实施恐袭。,俄罗斯卫星通讯社莫斯科9月1日电 据卫星通讯社记者从莫斯科梅先斯基法院发回的报道，一名来自中亚的移民承认自己准备于9月1日在莫斯科实施恐袭。,http://sputniknews.cn/images/102350/09/1023500904.jpg;http://sputniknews.cn/images/102130/87/1021308721.jpg,http://sputniknews.cn/russia/201709011023500854/,,,None,unknown,0,0,"dead:0, hurt:0"
266,2018-02-09 20:19,埃及军方空袭西奈半岛武装分子,俄罗斯卫星通讯社开罗2月9日电  埃及武装力量发言人发表声明表示，该国空军在西奈半岛北部和中部对武装分子掩蔽所实施空中打击。,俄罗斯卫星通讯社开罗2月9日电  埃及武装力量发言人发表声明表示，该国空军在西奈半岛北部和中部对武装分子掩蔽所实施空中打击。,http://sputniknews.cn/images/102187/20/1021872009.jpg;http://sputniknews.cn/images/102311/95/1023119587.jpg,http://sputniknews.cn/military/201802091024681243/,,,None,unknown,0,0,"dead:0, hurt:0"
267,2017-11-19 17:42,爱尔兰民族主义领袖亚当斯宣布辞职,俄罗斯卫星通讯社伦敦11月19日电 自1983年起连续34年担任爱尔兰民族主义者领导人的杰里·亚当斯宣布，计划辞去新芬党主席职务。,俄罗斯卫星通讯社伦敦11月19日电 自1983年起连续34年担任爱尔兰民族主义者领导人的杰里·亚当斯宣布，计划辞去新芬党主席职务。,http://sputniknews.cn/images/102408/23/1024082319.jpg;http://sputniknews.cn/images/102402/66/1024026688.jpg,http://sputniknews.cn/politics/201711191024082399/,,,None,unknown,0,0,"dead:0, hurt:0"
268,2018-03-05 20:49,普京：应使用进攻战术为积极打击恐怖主义,俄罗斯卫星通讯社莫斯科3月5日电 俄罗斯总统普京在俄联邦安全局局务会议上表示，应使用进攻战术为积极打击恐怖主义。,俄罗斯卫星通讯社莫斯科3月5日电 俄罗斯总统普京在俄联邦安全局局务会议上表示，应使用进攻战术为积极打击恐怖主义。,http://sputniknews.cn/images/101800/29/1018002957.jpg;http://sputniknews.cn/images/102472/32/1024723258.jpg,http://sputniknews.cn/russia/201803051024848089/,,,None,unknown,0,0,"dead:0, hurt:0"
269,2018-02-27 12:38,伦敦警察厅副厅长提请警惕英国右翼极端主义,伦敦警察厅副厅长马克•罗利（Mark Rowley）警告称，他认为，低估了英国右翼极端主义的危险。,伦敦警察厅副厅长马克•罗利（Mark Rowley）警告称，他认为，低估了英国右翼极端主义的危险。,http://sputniknews.cn/images/102181/59/1021815992.jpg;http://sputniknews.cn/images/102412/35/1024123505.jpg,http://sputniknews.cn/society/201802271024800127/,,,None,unknown,0,0,"dead:0, hurt:0"
270,2018-01-22 16:59,乌大使：喀布尔恐袭导致7名乌克兰公民死亡,俄罗斯卫星通讯社基辅1月22日电 乌克兰驻塔吉克斯坦和阿富汗大使尼基秋克证实，喀布尔宾馆遭遇恐怖袭击导致7名乌克兰公民死亡。,俄罗斯卫星通讯社基辅1月22日电 乌克兰驻塔吉克斯坦和阿富汗大使尼基秋克证实，喀布尔宾馆遭遇恐怖袭击导致7名乌克兰公民死亡。,http://sputniknews.cn/images/102453/24/1024532420.jpg;http://sputniknews.cn/images/102157/93/1021579362.jpg,http://sputniknews.cn/military/201801221024532450/,,,,unknown,0,0,"dead:0, hurt:0"
271,2017-06-10 23:56,索马里西北部的“圣战者青年运动”组织袭击造成60人死亡,据路透社援引军人代表消息，恐怖分子在索马里西北部的阿芙乌鲁尔（Af Urur）市进行了袭击，死亡人数达到了59人。,据路透社援引军人代表消息，恐怖分子在索马里西北部的阿芙乌鲁尔（Af Urur）市进行了袭击，死亡人数达到了59人。,http://sputniknews.cn/images/102062/46/1020624620.jpg;http://sputniknews.cn/images/102251/45/1022514552.jpg,http://sputniknews.cn/military/201706101022834202/,,,None,unknown,0,0,"dead:0, hurt:0"
272,2017-06-25 19:48,医生：3名儿童在纽卡斯尔市汽车冲入人群事件中受伤,俄罗斯卫星通讯社莫斯科6月25日电 英国纽卡斯尔急救中心发布消息称，汽车冲入人群事件导致6人受伤，包括3名儿童。,俄罗斯卫星通讯社莫斯科6月25日电 英国纽卡斯尔急救中心发布消息称，汽车冲入人群事件导致6人受伤，包括3名儿童。,http://sputniknews.cn/images/101956/92/1019569295.jpg;http://sputniknews.cn/images/102042/69/1020426908.jpg,http://sputniknews.cn/society/201706251022943631/,,,None,unknown,0,0,"dead:0, hurt:0"
273,2018-01-29 14:41,伊斯兰国对袭击阿喀布尔军事院校承担责任,俄罗斯卫星通讯社莫斯科1月29日电 据阿富汗1TV电视台报道，“伊斯兰国”恐怖组织对袭击喀布尔军事院校承担责任。,俄罗斯卫星通讯社莫斯科1月29日电 据阿富汗1TV电视台报道，“伊斯兰国”恐怖组织对袭击喀布尔军事院校承担责任。,http://sputniknews.cn/images/102458/23/1024582358.jpg;http://sputniknews.cn/images/102440/80/1024408004.jpg,http://sputniknews.cn/politics/201801291024582381/,,,None,unknown,0,0,"dead:0, hurt:0"
274,2017-12-01 15:25,媒体：袭击巴基斯坦大学校园的恐怖分子被全歼,俄罗斯卫星通讯社莫斯科12月1日电 Geo TV电视台援引军方消息称，袭击位于巴基斯坦开伯尔－普赫图赫瓦省白沙瓦市农业大学校园的三名恐怖分子已被消灭。,俄罗斯卫星通讯社莫斯科12月1日电 Geo TV电视台援引军方消息称，袭击位于巴基斯坦开伯尔－普赫图赫瓦省白沙瓦市农业大学校园的三名恐怖分子已被消灭。,http://sputniknews.cn/images/102418/03/1024180381.jpg;http://sputniknews.cn/images/102417/99/1024179995.jpg,http://sputniknews.cn/military/201712011024180419/,,,None,unknown,0,0,"dead:0, hurt:0"
275,2017-11-21 07:24,俄常驻联合国代表团：美在安理会否决俄有关其驻大马士革使馆受攻击的声明,俄罗斯卫星通讯社联合国11月21日电 俄罗斯常驻联合国代表团新闻秘书费奥多尔•斯特日诺夫斯基对卫星通讯社称，美国在联合国安理会否决了俄罗斯提出的有关该国驻大马士革使馆受攻击的声明。,俄罗斯卫星通讯社联合国11月21日电 俄罗斯常驻联合国代表团新闻秘书费奥多尔•斯特日诺夫斯基对卫星通讯社称，美国在联合国安理会否决了俄罗斯提出的有关该国驻大马士革使馆受攻击的声明。,http://sputniknews.cn/images/102402/99/1024029920.jpg;http://sputniknews.cn/images/102195/70/1021957053.jpg,http://sputniknews.cn/politics/201711211024094611/,,,None,unknown,0,0,"dead:0, hurt:0"
276,2017-12-17 23:04,媒体：巴基斯坦发生恐袭事件导致8人死亡,俄罗斯卫星通讯社莫斯科12月17日电 据Geo TV报道，巴基斯坦南部城市奎达（Quetta）发生爆炸事件，至少造成8人死亡，44人受伤。,俄罗斯卫星通讯社莫斯科12月17日电 据Geo TV报道，巴基斯坦南部城市奎达（Quetta）发生爆炸事件，至少造成8人死亡，44人受伤。,http://sputniknews.cn/images/102430/25/1024302589.jpg;http://sputniknews.cn/images/101611/57/1016115788.jpg,http://sputniknews.cn/military/201712171024302607/,,,None,unknown,0,0,"dead:0, hurt:0"
277,2018-03-10 23:53,叙利亚副外长：武装分子在东古塔欲假造化武攻击并栽赃大马士革,俄罗斯卫星通讯社大马士革3月10日电 叙利亚副外长米格达德3月10日向记者表示，武装分子在东古塔欲假造化武攻击并栽赃叙利亚政府军。,俄罗斯卫星通讯社大马士革3月10日电 叙利亚副外长米格达德3月10日向记者表示，武装分子在东古塔欲假造化武攻击并栽赃叙利亚政府军。,http://sputniknews.cn/images/102465/17/1024651790.jpg;http://sputniknews.cn/images/102470/70/1024707017.jpg,http://sputniknews.cn/military/201803101024880814/,,,None,unknown,0,0,"dead:0, hurt:0"
278,2017-07-05 19:57,媒体：俄中合作从大项目谈判转向具体协议,俄罗斯卫星通讯社北京7月5日电 俄罗斯媒体5日评论中国国家主席习近平访俄时表示，俄中已经改变了过去关注大型项目合作的谈判模式，转而开始关注具体的协议。,俄罗斯卫星通讯社北京7月5日电 俄罗斯媒体5日评论中国国家主席习近平访俄时表示，俄中已经改变了过去关注大型项目合作的谈判模式，转而开始关注具体的协议。,http://sputniknews.cn/images/102302/34/1023023407.jpg;http://sputniknews.cn/images/102302/21/1023022179.jpg,http://sputniknews.cn/politics/201707051023033918/,,,None,unknown,0,0,"dead:0, hurt:0"
279,2017-08-19 02:57,媒体：警方正在搜捕与西班牙恐袭有关的4名嫌疑人,俄罗斯卫星通讯社马德里8月18日电 西班牙《先锋报》（La Vanguardia）援引所掌握的调查文件报道，加泰罗尼亚执法机构正在搜捕4名可能与巴塞罗那和坎布里尔斯恐怖袭击有关的嫌疑人。他们的年龄在17到24岁之间。,俄罗斯卫星通讯社马德里8月18日电 西班牙《先锋报》（La Vanguardia）援引所掌握的调查文件报道，加泰罗尼亚执法机构正在搜捕4名可能与巴塞罗那和坎布里尔斯恐怖袭击有关的嫌疑人。他们的年龄在17到24岁之间。,http://sputniknews.cn/images/102339/00/1023390004.jpg;http://sputniknews.cn/images/102339/72/1023397275.jpg,http://sputniknews.cn/politics/201708191023400235/,,,None,unknown,0,0,"dead:0, hurt:0"
280,2017-07-04 12:15,俄外交部：声称叙政府使用毒气 是西方在表演“化学袭击秀”,俄罗斯外交部发言人玛利亚•扎哈罗娃称，武装分子声称叙利亚政府军似乎在大马士革东郊使用氯气，是西方开始对叙利亚证府开展信息战的又一证明，是“化学袭击秀”的一部分。,俄罗斯外交部发言人玛利亚•扎哈罗娃称，武装分子声称叙利亚政府军似乎在大马士革东郊使用氯气，是西方开始对叙利亚证府开展信息战的又一证明，是“化学袭击秀”的一部分。,http://sputniknews.cn/images/101846/03/1018460333.jpg;http://sputniknews.cn/images/101837/44/1018374466.jpg,http://sputniknews.cn/politics/201707041023016559/,,,None,unknown,0,0,"dead:0, hurt:0"
281,2017-12-25 13:00,媒体：纽约和新泽西恐袭被告在囚犯中进行恐怖主义宣传,俄罗斯卫星通讯社莫斯科12月25日电 CNN电视台援引检察院的消息报道称，被指控2016年9月在纽约和新泽西实施恐怖袭击的艾哈迈德•拉希米在囚犯中进行恐怖主义宣传。,俄罗斯卫星通讯社莫斯科12月25日电 CNN电视台援引检察院的消息报道称，被指控2016年9月在纽约和新泽西实施恐怖袭击的艾哈迈德•拉希米在囚犯中进行恐怖主义宣传。,http://sputniknews.cn/images/101920/64/1019206400.jpg;http://sputniknews.cn/images/102056/84/1020568401.jpg,http://sputniknews.cn/society/201712251024352320/,,,None,unknown,0,0,"dead:0, hurt:0"
282,2017-08-18 20:12,西班牙全国默哀一分钟悼念恐袭遇难者,俄罗斯卫星通讯社莫斯科8月18日电 西班牙全国默哀一分钟悼念巴塞罗那和坎布里尔斯恐袭遇难者。,俄罗斯卫星通讯社莫斯科8月18日电 西班牙全国默哀一分钟悼念巴塞罗那和坎布里尔斯恐袭遇难者。,http://sputniknews.cn/images/102339/48/1023394889.jpg;http://sputniknews.cn/images/102339/01/1023390142.jpg,http://sputniknews.cn/society/201708181023395958/,,,None,unknown,0,0,"dead:0, hurt:0"
283,2017-11-18 13:25,联合国将继续寻求叙化武联合调查机制任务延期问题共同立场,俄罗斯卫星通讯社联合国11月18日电 意大利常驻联合国代表、安理会本月主席塞巴斯蒂亚诺∙卡尔迪在闭门磋商后表示，近期安理会将继续工作，以便寻求在叙境内联合调查机制任务延期问题上的共同立场。,俄罗斯卫星通讯社联合国11月18日电 意大利常驻联合国代表、安理会本月主席塞巴斯蒂亚诺∙卡尔迪在闭门磋商后表示，近期安理会将继续工作，以便寻求在叙境内联合调查机制任务延期问题上的共同立场。,http://sputniknews.cn/images/102226/88/1022268894.jpg;http://sputniknews.cn/images/102343/02/1023430256.jpg,http://sputniknews.cn/russia/201711181024078054/,,,None,unknown,0,0,"dead:0, hurt:0"
284,2017-08-18 19:50,西班牙驻俄大使：西班牙望继续与俄方一道共同打击恐怖主义,俄罗斯卫星通讯社莫斯科8月18日电 西班牙驻俄罗斯大使伊格纳西奥·伊巴内斯向记者表示，西班牙望继续与俄方一道共同打击恐怖主义。,俄罗斯卫星通讯社莫斯科8月18日电 西班牙驻俄罗斯大使伊格纳西奥·伊巴内斯向记者表示，西班牙望继续与俄方一道共同打击恐怖主义。,http://sputniknews.cn/images/102339/49/1023394979.jpg;http://sputniknews.cn/images/102339/00/1023390005.jpg,http://sputniknews.cn/politics/201708181023395827/,,,None,unknown,0,0,"dead:0, hurt:0"
285,2018-01-02 18:12,媒体：阿富汗军队清除塔利班“副影子省长”,俄罗斯卫星通讯社莫斯科1月2日电 阿富汗ToloNews电视台援引阿富汗内政部消息称，阿军空中军事打击清除激进伊斯兰组织塔利班的“影子副省长”，负责恐怖袭击计划的头目之一。,俄罗斯卫星通讯社莫斯科1月2日电 阿富汗ToloNews电视台援引阿富汗内政部消息称，阿军空中军事打击清除激进伊斯兰组织塔利班的“影子副省长”，负责恐怖袭击计划的头目之一。,http://sputniknews.cn/images/102347/92/1023479273.jpg;http://sputniknews.cn/images/102440/80/1024408004.jpg,http://sputniknews.cn/politics/201801021024408530/,,,None,unknown,0,0,"dead:0, hurt:0"
286,2017-11-03 12:10,“伊斯兰国”声称对纽约恐袭事件负责,俄罗斯卫星通讯社莫斯科11月3日电 据路透社3日报道，恐怖组织“伊斯兰国”宣称对造成8人死亡的纽约恐袭事件负责。,俄罗斯卫星通讯社莫斯科11月3日电 据路透社3日报道，恐怖组织“伊斯兰国”宣称对造成8人死亡的纽约恐袭事件负责。,http://sputniknews.cn/images/102394/21/1023942193.jpg;http://sputniknews.cn/images/102394/49/1023944980.jpg,http://sputniknews.cn/society/201711031023960267/,,,None,unknown,0,0,"dead:0, hurt:0"
287,2017-12-03 14:16,习近平呼吁国际社会尊重网络主权,中国国际主席习近平称，中国希望与国际社会一道，确保网络安全，共同尊重网络主权。,中国国际主席习近平称，中国希望与国际社会一道，确保网络安全，共同尊重网络主权。,http://sputniknews.cn/images/102419/53/1024195306.jpg;http://sputniknews.cn/images/101708/88/1017088826.jpg,http://sputniknews.cn/china/201712031024195255/,,,None,unknown,0,0,"dead:0, hurt:0"
288,2017-09-27 22:37,媒体：美国联盟在叙利亚使用白磷进行空袭,据叙利亚阿拉伯通讯社援引居民及媒体消息表示，以美国为首的联盟空军队对代尔祖尔省的居民区进行了空袭，并使用了国际公约中所禁止使用的白磷。,据叙利亚阿拉伯通讯社援引居民及媒体消息表示，以美国为首的联盟空军队对代尔祖尔省的居民区进行了空袭，并使用了国际公约中所禁止使用的白磷。,http://sputniknews.cn/images/102369/17/1023691765.jpg;http://sputniknews.cn/images/101441/38/1014413868.jpg,http://sputniknews.cn/military/201709271023691457/,,,None,unknown,0,0,"dead:0, hurt:0"
289,2017-12-25 20:14,据消息人士透露，莫斯科一辆公交车开进地下通道，造成5人死亡,莫斯科紧急情况部门向俄罗斯卫星通讯社表示，一辆公交车开进“斯拉维扬斯克林荫道”地铁站的地下通道，造成5人死亡。,莫斯科紧急情况部门向俄罗斯卫星通讯社表示，一辆公交车开进“斯拉维扬斯克林荫道”地铁站的地下通道，造成5人死亡。,http://sputniknews.cn/images/102435/66/1024356664.jpg,http://sputniknews.cn/russia/201712251024356131/,,,None,unknown,0,0,"dead:0, hurt:0"
290,2017-09-17 17:45,媒体：法国警方发布警告称欧洲铁路或遭恐袭,俄罗斯卫星通讯社莫斯科9月17日电 法国《巴黎人报》援引其获悉的法国国家警察总局的秘密文件称，警察总局发布警告称，该国及欧洲铁路有遭遇恐袭的危险，且恐怖分子有计划在该地区纵火制造一系列森林火灾并向食品投毒。,俄罗斯卫星通讯社莫斯科9月17日电 法国《巴黎人报》援引其获悉的法国国家警察总局的秘密文件称，警察总局发布警告称，该国及欧洲铁路有遭遇恐袭的危险，且恐怖分子有计划在该地区纵火制造一系列森林火灾并向食品投毒。,http://sputniknews.cn/images/102361/76/1023617640.jpg;http://sputniknews.cn/images/102361/19/1023611920.jpg,http://sputniknews.cn/society/201709171023617668/,,,None,unknown,0,0,"dead:0, hurt:0"
291,2017-10-04 11:30,法国国民议会通过新反恐法案,据香港电台网站报道，法国国民议会高票通过新反恐法案，赋予当局更大权力执行反恐措施。,据香港电台网站报道，法国国民议会高票通过新反恐法案，赋予当局更大权力执行反恐措施。,http://sputniknews.cn/images/102019/13/1020191313.jpg;http://sputniknews.cn/images/101902/39/1019023913.jpg,http://sputniknews.cn/politics/201710041023731754/,,,None,unknown,0,0,"dead:0, hurt:0"
292,2017-08-08 01:48,伊朗情报部门扣押27名与“伊斯兰国”有关的武装分子,俄罗斯卫星通讯社莫斯科8月7日电 据外媒援引伊朗情报与国家安全部的消息报道，伊朗情报部门扣押27名与“伊斯兰国”恐怖组织 （在俄罗斯被禁止）有关的武装分子，其中包括准备在伊境内发动恐怖袭击的人员。,俄罗斯卫星通讯社莫斯科8月7日电 据外媒援引伊朗情报与国家安全部的消息报道，伊朗情报部门扣押27名与“伊斯兰国”恐怖组织 （在俄罗斯被禁止）有关的武装分子，其中包括准备在伊境内发动恐怖袭击的人员。,http://sputniknews.cn/images/101956/73/1019567397.jpg;http://sputniknews.cn/images/102282/81/1022828171.jpg,http://sputniknews.cn/military/201708081023306391/,,,None,unknown,0,0,"dead:0, hurt:0"
293,2017-08-18 05:53,警方：巴塞罗那撞人司机仍然在逃,俄罗斯卫星通讯社马德里8月18日电 西班牙加泰罗尼亚自治区警察（Mossos d'Esquadra）长官特拉佩罗在新闻发布会上表示，在巴塞罗那市中心货车撞人事件后被拘捕的是一名摩洛哥人和一名西班牙北非飞地梅利利亚人，然而开车的另有其人。他补充称，执法人员正在寻找巴塞罗那恐袭与早上邻市阿尔卡纳尔发生的爆炸之间的可能联系。,俄罗斯卫星通讯社马德里8月18日电 西班牙加泰罗尼亚自治区警察（Mossos d'Esquadra）长官特拉佩罗在新闻发布会上表示，在巴塞罗那市中心货车撞人事件后被拘捕的是一名摩洛哥人和一名西班牙北非飞地梅利利亚人，然而开车的另有其人。他补充称，执法人员正在寻找巴塞罗那恐袭与早上邻市阿尔卡纳尔发生的爆炸之间的可能联系。,http://sputniknews.cn/images/102338/84/1023388438.jpg;http://sputniknews.cn/images/102338/97/1023389735.jpg,http://sputniknews.cn/society/201708181023389800/,,,None,unknown,0,0,"dead:0, hurt:0"
294,2017-08-22 01:51,西班牙警方：在苏维拉特斯被击毙的男子曾在巴塞罗那实施恐袭,俄罗斯卫星通讯社莫斯科8月21日电 加泰罗尼亚警方证实，在苏维拉特斯被击毙的男子是巴塞罗那恐怖袭击实施者。,俄罗斯卫星通讯社莫斯科8月21日电 加泰罗尼亚警方证实，在苏维拉特斯被击毙的男子是巴塞罗那恐怖袭击实施者。,http://sputniknews.cn/images/102339/67/1023396746.jpg;http://sputniknews.cn/images/102341/45/1023414514.jpg,http://sputniknews.cn/politics/201708221023415232/,,,None,unknown,0,0,"dead:0, hurt:0"
295,2018-02-14 06:04,简氏报告：2018年欧洲恐袭威胁恐将上升,俄罗斯卫星通讯社莫斯科电 英国简氏防务预算报告（Jane’s IHS Markit）预计，2018年欧洲恐袭威胁将上升。主要原因是从伊拉克和叙利亚战场返回欧洲的“伊斯兰国”组织武装分子。,俄罗斯卫星通讯社莫斯科电 英国简氏防务预算报告（Jane’s IHS Markit）预计，2018年欧洲恐袭威胁将上升。主要原因是从伊拉克和叙利亚战场返回欧洲的“伊斯兰国”组织武装分子。,http://sputniknews.cn/images/102345/50/1023455094.jpg;http://sputniknews.cn/images/102079/61/1020796130.jpg,http://sputniknews.cn/society/201802141024709674/,,,None,unknown,0,0,"dead:0, hurt:0"
296,2017-09-12 10:39,特朗普将因恐怖袭击实施的国家紧急状态延长一年,白宫周一发布的美国总统唐纳德•特朗普的声明称，将因恐怖袭击实施的国家紧急状态延长一年。,白宫周一发布的美国总统唐纳德•特朗普的声明称，将因恐怖袭击实施的国家紧急状态延长一年。,http://sputniknews.cn/images/102202/46/1022024683.jpg;http://sputniknews.cn/images/102264/37/1022643734.jpg,http://sputniknews.cn/society/201709121023576584/,,,None,unknown,0,0,"dead:0, hurt:0"
297,2017-08-02 22:27,菲律宾总统请求议会为军队扩员2万人拨款,俄罗斯卫星通讯社莫斯科8月2日电 据CNN菲律宾频道援引菲议员报道，菲律宾总统杜特尔特请求议会为军队扩员2万人提供经费。,俄罗斯卫星通讯社莫斯科8月2日电 据CNN菲律宾频道援引菲议员报道，菲律宾总统杜特尔特请求议会为军队扩员2万人提供经费。,http://sputniknews.cn/images/102279/08/1022790874.jpg;http://sputniknews.cn/images/102270/05/1022700584.jpg,http://sputniknews.cn/politics/201708021023266100/,,,None,unknown,0,0,"dead:0, hurt:0"
298,2018-03-13 19:37,加沙警方逮捕制造巴勒斯坦总理车队附近爆炸嫌疑人,俄罗斯卫星通讯社加沙3月13日电 加沙地带执法机关代表伊亚德·阿勒布祖姆表示，当地警方逮捕了几名与巴勒斯坦总理拉米·哈姆达拉车队行进途中爆炸事件有关的嫌疑人。,俄罗斯卫星通讯社加沙3月13日电 加沙地带执法机关代表伊亚德·阿勒布祖姆表示，当地警方逮捕了几名与巴勒斯坦总理拉米·哈姆达拉车队行进途中爆炸事件有关的嫌疑人。,http://sputniknews.cn/images/102427/49/1024274995.jpg;http://sputniknews.cn/images/102427/10/1024271090.jpg,http://sputniknews.cn/society/201803131024898396/,,,None,unknown,0,0,"dead:0, hurt:0"
299,2018-01-04 21:32,普京签署恢复与开罗顶起航班的命令,俄罗斯卫星通讯社莫斯科12月4日 俄罗斯总统普京签署了有关恢复与开罗顶起航班的命令，该文件从签署之日起生效。,俄罗斯卫星通讯社莫斯科12月4日 俄罗斯总统普京签署了有关恢复与开罗顶起航班的命令，该文件从签署之日起生效。,http://sputniknews.cn/images/101564/43/1015644376.jpg;http://sputniknews.cn/images/102369/02/1023690258.jpg,http://sputniknews.cn/society/201801041024419061/,,,None,unknown,0,0,"dead:0, hurt:0"
300,2017-11-01 16:35,上合组织反恐机构：恐怖组织正转向“休眠小组”行动战术,俄罗斯卫星通讯社塔什干11月1日电 上海合作组织地区反恐怖机构执委会主任叶夫根尼·瑟索耶夫对阿富汗爆炸和纽约恐怖袭击的受害者及其亲友表示哀悼。,俄罗斯卫星通讯社塔什干11月1日电 上海合作组织地区反恐怖机构执委会主任叶夫根尼·瑟索耶夫对阿富汗爆炸和纽约恐怖袭击的受害者及其亲友表示哀悼。,http://sputniknews.cn/images/102252/08/1022520813.jpg;http://sputniknews.cn/images/102291/58/1022915890.jpg,http://sputniknews.cn/politics/201711011023942222/,,,None,unknown,0,0,"dead:0, hurt:0"
301,2017-06-21 17:53,比内政部：布鲁塞尔中央火车站被击毙恐怖分子携带的是大威力炸弹,俄罗斯卫星通讯社布鲁塞尔6月21日电 比利时内政大臣让·让邦在Premiere电台的节目中表示，20日在布鲁塞尔中央火车站被军方击毙的恐怖分子携带了威力强大的爆炸装置，但未造成很大破坏。,俄罗斯卫星通讯社布鲁塞尔6月21日电 比利时内政大臣让·让邦在Premiere电台的节目中表示，20日在布鲁塞尔中央火车站被军方击毙的恐怖分子携带了威力强大的爆炸装置，但未造成很大破坏。,http://sputniknews.cn/images/102290/79/1022907953.jpg;http://sputniknews.cn/images/102290/79/1022907939.jpg,http://sputniknews.cn/society/201706211022913125/,,,None,unknown,0,0,"dead:0, hurt:0"
302,2017-11-06 09:43,土中在旅游业领域加强合作,据伊朗ParsToday网站报道，土耳其文化旅游部长对扩大该国与中国在旅游业领域的合作做出强调。,据伊朗ParsToday网站报道，土耳其文化旅游部长对扩大该国与中国在旅游业领域的合作做出强调。,http://sputniknews.cn/images/101571/85/1015718552.jpg;http://sputniknews.cn/images/102389/04/1023890412.jpg,http://sputniknews.cn/economics/201711061023978896/,,,None,unknown,0,0,"dead:0, hurt:0"
303,2018-01-09 05:30,俄国防部：新的恐袭办法来自掌握高水平无人机技术的国家,俄罗斯卫星通讯社莫斯科电 俄罗斯国防部信息和大众传媒司发布消息称，恐怖分子袭击俄罗斯驻叙利亚境内军事设施期间利用的新方法，只可能来自那些掌握先进卫星导航和远程遥控投送物品到指定地点技术的国家。,俄罗斯卫星通讯社莫斯科电 俄罗斯国防部信息和大众传媒司发布消息称，恐怖分子袭击俄罗斯驻叙利亚境内军事设施期间利用的新方法，只可能来自那些掌握先进卫星导航和远程遥控投送物品到指定地点技术的国家。,http://sputniknews.cn/images/102264/24/1022642453.jpg;http://sputniknews.cn/images/102364/32/1023643288.jpg,http://sputniknews.cn/military/201801091024436607/,,,None,unknown,0,0,"dead:0, hurt:0"
304,2017-11-01 19:39,俄乌兹别克斯坦移民社群并不掌握纽约恐袭嫌犯资料,俄罗斯卫星通讯社莫斯科11月1日电 俄罗斯乌兹别克斯坦移民社群并不掌握纽约恐袭嫌犯、乌兹别克斯坦人赛义波夫（Sayfullo Saipov）的资料。,俄罗斯卫星通讯社莫斯科11月1日电 俄罗斯乌兹别克斯坦移民社群并不掌握纽约恐袭嫌犯、乌兹别克斯坦人赛义波夫（Sayfullo Saipov）的资料。,http://sputniknews.cn/images/102394/49/1023944979.jpg;http://sputniknews.cn/images/102394/20/1023942028.jpg,http://sputniknews.cn/society/201711011023945956/,,,None,unknown,0,0,"dead:0, hurt:0"
305,2017-12-15 18:02,中国专家：普京总统对中俄关系未来发展充满信心,俄罗斯卫星通讯社北京12月15日电 华东师范大学国际关系与地区发展研究院青年研究员万青松在接受俄罗斯卫星通讯社时表示，普京总统对中俄关系未来发展充满信心。,俄罗斯卫星通讯社北京12月15日电 华东师范大学国际关系与地区发展研究院青年研究员万青松在接受俄罗斯卫星通讯社时表示，普京总统对中俄关系未来发展充满信心。,http://sputniknews.cn/images/101933/15/1019331577.jpg;http://sputniknews.cn/images/101769/36/1017693668.jpg,http://sputniknews.cn/politics/201712151024293271/,,,None,unknown,0,0,"dead:0, hurt:0"
306,2017-06-16 23:01,逾9成法民众称恐怖主义是国家的严重问题,俄罗斯卫星通讯社莫斯科6月16日电 美国盖洛普咨询公司最新调查数据显示，96%的法国民众表示，移民实施的恐怖袭击是国家遭遇的严重问题。,俄罗斯卫星通讯社莫斯科6月16日电 美国盖洛普咨询公司最新调查数据显示，96%的法国民众表示，移民实施的恐怖袭击是国家遭遇的严重问题。,http://sputniknews.cn/images/102116/60/1021166062.jpg;http://sputniknews.cn/images/102276/33/1022763325.jpg,http://sputniknews.cn/society/201706161022881360/,,,,unknown,0,0,"dead:0, hurt:0"
307,2017-11-22 11:55,美国曼哈顿卡车撞人事件袭击者被指控犯恐怖主义犯罪,俄罗斯卫星通讯社华盛顿11月22日电 美国司法部发布消息称，乌兹别克斯坦籍人士赛波夫被指控犯有恐怖主义和谋杀罪。10月31日他在曼哈顿驾驶卡车撞人。,俄罗斯卫星通讯社华盛顿11月22日电 美国司法部发布消息称，乌兹别克斯坦籍人士赛波夫被指控犯有恐怖主义和谋杀罪。10月31日他在曼哈顿驾驶卡车撞人。,http://sputniknews.cn/images/102394/99/1023949997.jpg;http://sputniknews.cn/images/102394/21/1023942194.jpg,http://sputniknews.cn/society/201711221024106127/,,,None,unknown,0,0,"dead:0, hurt:0"
308,2017-06-30 23:04,俄外交部：禁止化学武器组织有关叙使用化武的报告建立在不可靠的数据之上,俄罗斯卫星通讯社莫斯科6月30日电  俄罗斯外交部发布消息对美国常驻联合国代表海利的声明进行评论，禁止化学武器组织有关叙利亚使用化武的报告建立在不可靠的数据之上。,俄罗斯卫星通讯社莫斯科6月30日电  俄罗斯外交部发布消息对美国常驻联合国代表海利的声明进行评论，禁止化学武器组织有关叙利亚使用化武的报告建立在不可靠的数据之上。,http://sputniknews.cn/images/101837/44/1018374465.jpg;http://sputniknews.cn/images/102059/24/1020592426.jpg,http://sputniknews.cn/military/201706301022994036/,,,None,unknown,0,0,"dead:0, hurt:0"
309,2017-08-20 16:04,西班牙阿尔卡纳尔恐怖分子的邻居法国人曾害怕举报,俄罗斯卫星通讯社莫斯科8月20日电《巴黎人报》（Le Parisien）报道，一对居住在恐怖分子附近的老年法国夫妇曾认为邻居很奇怪，但他们害怕向警方举报邻居。这对夫妇在加泰罗尼亚阿尔卡纳的房子16日被炸。,俄罗斯卫星通讯社莫斯科8月20日电《巴黎人报》（Le Parisien）报道，一对居住在恐怖分子附近的老年法国夫妇曾认为邻居很奇怪，但他们害怕向警方举报邻居。这对夫妇在加泰罗尼亚阿尔卡纳的房子16日被炸。,http://sputniknews.cn/images/102339/01/1023390156.jpg;http://sputniknews.cn/images/102339/83/1023398397.jpg,http://sputniknews.cn/society/201708201023404287/,,,None,unknown,0,0,"dead:0, hurt:0"
310,2017-07-18 00:57,媒体：埃及西奈半岛装甲车遭袭击五名警察丧生,俄罗斯卫星通讯社开罗7月17日电 据阿拉伯Sky News Arabia电视台官网报道，埃及西奈半岛北部发生装甲车遭袭击事件，导致五名埃及警察丧生，另有6人受伤。,俄罗斯卫星通讯社开罗7月17日电 据阿拉伯Sky News Arabia电视台官网报道，埃及西奈半岛北部发生装甲车遭袭击事件，导致五名埃及警察丧生，另有6人受伤。,http://sputniknews.cn/images/102312/00/1023120010.jpg;http://sputniknews.cn/images/102271/97/1022719708.jpg,http://sputniknews.cn/military/201707181023136680/,,,,unknown,0,0,"dead:0, hurt:0"
311,2018-01-08 18:58,媒体：阿富汗强力人员消灭15名“伊斯兰国”武装分子,俄罗斯卫星通讯社莫斯科1月8日电 Tolo News电视台援引阿富汗当地政府报道，恐怖组织“伊斯兰国”武装分子与阿富汗强力人员发生冲突期间，至少15名武装分子被消灭，另20名受伤。,俄罗斯卫星通讯社莫斯科1月8日电 Tolo News电视台援引阿富汗当地政府报道，恐怖组织“伊斯兰国”武装分子与阿富汗强力人员发生冲突期间，至少15名武装分子被消灭，另20名受伤。,http://sputniknews.cn/images/102347/92/1023479273.jpg;http://sputniknews.cn/images/102183/80/1021838005.jpg,http://sputniknews.cn/military/201801081024434932/,,,None,unknown,0,0,"dead:0, hurt:0"
312,2017-12-28 15:34,普京称圣彼得堡商店的爆炸为恐怖袭击,俄罗斯总统普京表示，圣彼得堡周三发生恐怖袭击。,俄罗斯总统普京表示，圣彼得堡周三发生恐怖袭击。,http://sputniknews.cn/images/102437/52/1024375239.jpg;http://sputniknews.cn/images/102437/75/1024377585.jpg,http://sputniknews.cn/russia/201712281024377855/,,,,unknown,0,0,"dead:0, hurt:0"
313,2017-09-22 00:01,英副防长：教育才是代替军队打击极端主义的可靠武器,俄罗斯卫星通讯社莫斯科9月21日电 英国国防部副部长托比阿斯·埃尔伍德表示，教育是比任何军队都要可靠的反极端主义武器。,俄罗斯卫星通讯社莫斯科9月21日电 英国国防部副部长托比阿斯·埃尔伍德表示，教育是比任何军队都要可靠的反极端主义武器。,http://sputniknews.cn/images/102365/21/1023652140.jpg;http://sputniknews.cn/images/102066/75/1020667583.jpg,http://sputniknews.cn/politics/201709221023652178/,,,None,unknown,0,0,"dead:0, hurt:0"
314,2017-12-21 05:54,伊斯坦布尔当局因恐袭威胁取消市中心新年庆祝活动,俄罗斯卫星通讯社安卡拉电 土耳其伊斯坦布尔市安全局局长表示，因为可能发生恐怖袭击，市长贝伊奥卢取消了将在市中心塔克西姆广场和独立大街举行的新年庆祝活动。,俄罗斯卫星通讯社安卡拉电 土耳其伊斯坦布尔市安全局局长表示，因为可能发生恐怖袭击，市长贝伊奥卢取消了将在市中心塔克西姆广场和独立大街举行的新年庆祝活动。,http://sputniknews.cn/images/102153/59/1021535987.jpg;http://sputniknews.cn/images/102153/38/1021533860.jpg,http://sputniknews.cn/society/201712211024327164/,,,,unknown,0,0,"dead:0, hurt:0"
315,2018-01-13 21:10,伊朗发现一起从巴基斯坦向伊朗境内运输爆炸物质并进行破坏活动的事件,据伊朗伊斯兰革命卫队星期六消息，伊朗伊斯兰革命卫队制止了恐怖分子所策划的一起试图从巴基斯坦向伊朗境内运输爆炸物质并进行破坏活动的事件。,据伊朗伊斯兰革命卫队星期六消息，伊朗伊斯兰革命卫队制止了恐怖分子所策划的一起试图从巴基斯坦向伊朗境内运输爆炸物质并进行破坏活动的事件。,http://sputniknews.cn/images/102317/51/1023175166.jpg;http://sputniknews.cn/images/102375/79/1023757915.jpg,http://sputniknews.cn/society/201801131024473189/,,,None,unknown,0,0,"dead:0, hurt:0"
316,2018-03-07 11:00,俄情报部门在加里宁格勒州逮捕一名恐怖组织成员,俄罗斯联邦安全局加里宁格勒州分局新闻中心发布消息称，该部门工作人员在专项行动中逮捕一名恐怖组织成员，而该组织头目曾参与圣彼得堡地铁站恐怖袭击事件。,俄罗斯联邦安全局加里宁格勒州分局新闻中心发布消息称，该部门工作人员在专项行动中逮捕一名恐怖组织成员，而该组织头目曾参与圣彼得堡地铁站恐怖袭击事件。,http://sputniknews.cn/images/101867/35/1018673523.jpg;http://sputniknews.cn/images/101800/29/1018002958.jpg,http://sputniknews.cn/society/201803071024860998/,,,None,unknown,0,0,"dead:0, hurt:0"
317,2017-08-18 17:01,媒体：西班牙3名被拘恐袭涉案嫌疑人此前未被发现涉恐,俄罗斯卫星通讯社莫斯科8月18日电 据Cadena Ser电视台援引西班牙总检察长反恐问题顾问哈维尔·萨拉戈萨报道，被拘留的3名恐袭涉案嫌疑人此前没有被发现与恐怖主义有联系。,俄罗斯卫星通讯社莫斯科8月18日电 据Cadena Ser电视台援引西班牙总检察长反恐问题顾问哈维尔·萨拉戈萨报道，被拘留的3名恐袭涉案嫌疑人此前没有被发现与恐怖主义有联系。,http://sputniknews.cn/images/102338/92/1023389227.jpg;http://sputniknews.cn/images/102338/82/1023388244.jpg,http://sputniknews.cn/politics/201708181023394325/,,,None,unknown,0,0,"dead:0, hurt:0"
318,2017-11-29 16:16,美纽约南区检察院：恐袭案被告人在法庭上未认罪,俄罗斯卫星通讯社纽约11月29日电 美国纽约南区联邦地区法院代表向俄罗斯卫星通讯社表示，纽约恐袭案被告人赛波夫在法庭上没有认罪。,俄罗斯卫星通讯社纽约11月29日电 美国纽约南区联邦地区法院代表向俄罗斯卫星通讯社表示，纽约恐袭案被告人赛波夫在法庭上没有认罪。,http://sputniknews.cn/images/102394/49/1023944979.jpg;http://sputniknews.cn/images/102394/99/1023949983.jpg,http://sputniknews.cn/society/201711291024163554/,,,None,unknown,0,0,"dead:0, hurt:0"
319,2017-08-30 18:19,媒体：“伊斯兰国”武装分子宣布对阿富汗议员住宅遇袭事件负责,俄罗斯卫星通讯社莫斯科8月30日电 阿富汗1TV电视台报道称，恐怖组织“伊斯兰国”武装分子宣布对该国东部楠格哈尔省贾拉拉巴德市议员住宅遇袭事件负责。,俄罗斯卫星通讯社莫斯科8月30日电 阿富汗1TV电视台报道称，恐怖组织“伊斯兰国”武装分子宣布对该国东部楠格哈尔省贾拉拉巴德市议员住宅遇袭事件负责。,http://sputniknews.cn/images/102347/92/1023479273.jpg;http://sputniknews.cn/images/102347/86/1023478658.jpg,http://sputniknews.cn/politics/201708301023479310/,,,None,unknown,0,0,"dead:0, hurt:0"
320,2017-12-11 17:41,以军宣布逮捕15名包括涉恐嫌疑人在内的巴勒斯坦人,俄罗斯卫星通讯社拉姆安拉12月11日电 据俄罗斯卫星通讯社收到的以色列国防军新闻秘书阿德莱(Avichai Adraee)致阿拉伯媒体的声明称，15名巴勒斯坦人因袭击约旦河西岸地区而被捕。,俄罗斯卫星通讯社拉姆安拉12月11日电 据俄罗斯卫星通讯社收到的以色列国防军新闻秘书阿德莱(Avichai Adraee)致阿拉伯媒体的声明称，15名巴勒斯坦人因袭击约旦河西岸地区而被捕。,http://sputniknews.cn/images/102425/28/1024252896.jpg;http://sputniknews.cn/images/102424/61/1024246123.jpg,http://sputniknews.cn/politics/201712111024252925/,,,None,unknown,0,0,"dead:0, hurt:0"
321,2017-08-11 19:32,索马里首都发生自杀式袭击,俄罗斯卫星通讯社莫斯科8月11日电 路透社援引警方的消息称，索马里首都摩加迪沙发生自杀式恐怖袭击，有军人在袭击中牺牲。,俄罗斯卫星通讯社莫斯科8月11日电 路透社援引警方的消息称，索马里首都摩加迪沙发生自杀式恐怖袭击，有军人在袭击中牺牲。,http://sputniknews.cn/images/101344/14/1013441446.jpg;http://sputniknews.cn/images/101781/78/1017817873.jpg,http://sputniknews.cn/military/201708111023339131/,,,,unknown,0,0,"dead:0, hurt:0"
322,2017-12-26 03:02,消息人士：获悉恐袭阴谋阿联酋航班禁止突尼斯女子乘机,俄罗斯卫星通讯社突尼斯12月25日电 突尼斯政府消息人士向卫星通讯社透露，阿联酋航空公司禁止突尼斯女性乘坐班机的原因是，有消息称恐怖分子计划在圣诞节发动袭击。,俄罗斯卫星通讯社突尼斯12月25日电 突尼斯政府消息人士向卫星通讯社透露，阿联酋航空公司禁止突尼斯女性乘坐班机的原因是，有消息称恐怖分子计划在圣诞节发动袭击。,http://sputniknews.cn/images/101523/58/1015235872.jpg;http://sputniknews.cn/images/101602/30/1016023058.jpg,http://sputniknews.cn/society/201712261024359422/,,,None,unknown,0,0,"dead:0, hurt:0"
323,2017-08-18 22:00,西班牙警方称两起恐袭的涉案嫌疑人或曾策划其他袭击,俄罗斯卫星通讯社马德里8月18日电 西班牙加泰罗尼亚自治区警局局长特拉佩罗在记者会上表示，当地的2起恐袭可能是同一个团伙在阿尔卡纳尔策划的，该团伙也可能曾策划其他袭击。,俄罗斯卫星通讯社马德里8月18日电 西班牙加泰罗尼亚自治区警局局长特拉佩罗在记者会上表示，当地的2起恐袭可能是同一个团伙在阿尔卡纳尔策划的，该团伙也可能曾策划其他袭击。,http://sputniknews.cn/images/102339/83/1023398396.jpg;http://sputniknews.cn/images/102339/50/1023395090.jpg,http://sputniknews.cn/politics/201708181023398414/,,,None,unknown,0,0,"dead:0, hurt:0"
324,2017-11-26 18:44,媒体：埃及旅游业预计恐袭后对度假区休息的需求不会下降,俄罗斯卫星通讯社开罗11月26日电 赫尔格达红海省省旅游公司商会负责人赛义德∙巴里向埃及“Masravi”报表示，在北西奈省清真寺遭到血腥恐袭后，埃及旅游业预计，对度假区休息的需求不会大幅度下降。这次恐袭造成300多人死亡。,俄罗斯卫星通讯社开罗11月26日电 赫尔格达红海省省旅游公司商会负责人赛义德∙巴里向埃及“Masravi”报表示，在北西奈省清真寺遭到血腥恐袭后，埃及旅游业预计，对度假区休息的需求不会大幅度下降。这次恐袭造成300多人死亡。,http://sputniknews.cn/images/102239/42/1022394284.jpg;http://sputniknews.cn/images/102413/29/1024132937.jpg,http://sputniknews.cn/society/201711261024135418/,,,None,unknown,0,0,"dead:0, hurt:0"
325,2018-01-10 01:56,俄国防部对五角大楼关于叙恐怖分子使用无人机的声明发表评论,俄罗斯卫星通讯社莫斯科1月9日电 俄罗斯国防部对美国五角大楼代表的声明发表评论，该声明称，恐怖分子1月6日袭击俄驻叙军事设施时使用的无人机技术可在公开市场上轻易获取。,俄罗斯卫星通讯社莫斯科1月9日电 俄罗斯国防部对美国五角大楼代表的声明发表评论，该声明称，恐怖分子1月6日袭击俄驻叙军事设施时使用的无人机技术可在公开市场上轻易获取。,http://sputniknews.cn/images/102444/55/1024445571.jpg;http://sputniknews.cn/images/102444/34/1024443498.jpg,http://sputniknews.cn/military/201801101024445607/,,,None,unknown,0,0,"dead:0, hurt:0"
326,2017-11-01 14:14,媒体：纽约恐袭嫌犯曾是优步司机,美国哥伦比亚广播公司（CBS）援引打车软件优步公司（Uber）发言人的消息称，纽约恐袭嫌犯塞富洛·赛波夫曾是优步司机。,美国哥伦比亚广播公司（CBS）援引打车软件优步公司（Uber）发言人的消息称，纽约恐袭嫌犯塞富洛·赛波夫曾是优步司机。,http://sputniknews.cn/images/102393/95/1023939559.jpg;http://sputniknews.cn/images/102393/63/1023936320.jpg,http://sputniknews.cn/society/201711011023939901/,,,None,unknown,0,0,"dead:0, hurt:0"
327,2017-06-21 19:57,中国人将接受全球首例换头手术,世界上首例换头手术将在中国举行。俄罗斯24小时新闻频道报道，全球第一个接受换头手术的患者不是此前备受关注的俄罗斯程序员瓦列里·斯皮里多诺夫，而是一名中国公民。既然手术决定在中国进行，那么供体和受体应该同属一个种族。,世界上首例换头手术将在中国举行。俄罗斯24小时新闻频道报道，全球第一个接受换头手术的患者不是此前备受关注的俄罗斯程序员瓦列里·斯皮里多诺夫，而是一名中国公民。既然手术决定在中国进行，那么供体和受体应该同属一个种族。,http://sputniknews.cn/images/102006/62/1020066219.jpg;http://sputniknews.cn/images/102267/51/1022675132.jpg,http://sputniknews.cn/russianmedia/201706211022914666/,,,None,unknown,0,0,"dead:0, hurt:0"
328,2017-10-04 17:01,土耳其4名军人在该国东南部遭遇恐怖袭击死亡,俄罗斯卫星通讯社安卡拉10月4日电 据土耳其《自由报》援引军方消息人士报道，土耳其东南部哈卡里省遭遇该国被禁的库尔德工人党布置炸弹袭击，造成4名军人死亡、4人受伤。,俄罗斯卫星通讯社安卡拉10月4日电 据土耳其《自由报》援引军方消息人士报道，土耳其东南部哈卡里省遭遇该国被禁的库尔德工人党布置炸弹袭击，造成4名军人死亡、4人受伤。,http://sputniknews.cn/images/101899/69/1018996908.jpg;http://sputniknews.cn/images/102364/99/1023649960.jpg,http://sputniknews.cn/military/201710041023733682/,,,,unknown,0,0,"dead:0, hurt:0"
329,2017-11-10 11:43,叙常驻联合国代表处：以美国为首联盟保障了IS恐怖分子从拉卡和代尔祖尔撤退,叙利亚常驻联合国代表处称，以美国为首的联盟在叙利亚解放居民点行动中保障了IS武装分子从拉卡和代尔祖尔撤退。相关信函已发送给联合国秘书长和安理会主席。,叙利亚常驻联合国代表处称，以美国为首的联盟在叙利亚解放居民点行动中保障了IS武装分子从拉卡和代尔祖尔撤退。相关信函已发送给联合国秘书长和安理会主席。,http://sputniknews.cn/images/102399/21/1023992105.jpg;http://sputniknews.cn/images/102343/73/1023437390.jpg,http://sputniknews.cn/military/201711101024014422/,,,None,unknown,0,0,"dead:0, hurt:0"
330,2017-09-06 22:42,反恐行动在巴黎郊外展开,据France Info消息，在巴黎一所房屋中发现了 “撒旦之母”爆炸装置后，警方在巴黎郊外进行了反恐行动。,据France Info消息，在巴黎一所房屋中发现了 “撒旦之母”爆炸装置后，警方在巴黎郊外进行了反恐行动。,http://sputniknews.cn/images/102332/43/1023324364.jpg;http://sputniknews.cn/images/102332/08/1023320805.jpg,http://sputniknews.cn/politics/201709061023538259/,,,None,unknown,0,0,"dead:0, hurt:0"
331,2017-08-31 21:42,叙利亚反对派组织涉嫌准备在叙实施化武攻击,"俄罗斯外交部发言人玛利亚·扎哈罗娃披露，叙利亚反对派一个派别能够获得并打算使用化学武器。 
据外交部消息，这里所指的是“圣战者青年运动""，以“青年党""为外界所熟悉，与恐怖组织""努斯拉阵线""有染，属于反叛组织联盟""自由叙利亚军""。","俄罗斯外交部发言人玛利亚·扎哈罗娃披露，叙利亚反对派一个派别能够获得并打算使用化学武器。 
据外交部消息，这里所指的是“圣战者青年运动""，以“青年党""为外界所熟悉，与恐怖组织""努斯拉阵线""有染，属于反叛组织联盟""自由叙利亚军""。",http://sputniknews.cn/images/101759/77/1017597779.jpg;http://sputniknews.cn/images/102148/38/1021483875.jpg,http://sputniknews.cn/military/201708311023488986/,,,None,unknown,0,0,"dead:0, hurt:0"
332,2018-02-04 16:27,埃尔多安和马克龙通电话讨论土方阿夫林行动与索契叙利亚对话会,俄罗斯卫星通讯社安卡拉2月4日电 土耳其总统办公厅消息人士2月3日向记者透露，土耳其总统埃尔多安与法国总统马克龙通电话，就土武装力量在叙利亚阿夫林的行动，以及索契叙利亚全国对话大会成果交换意见。,俄罗斯卫星通讯社安卡拉2月4日电 土耳其总统办公厅消息人士2月3日向记者透露，土耳其总统埃尔多安与法国总统马克龙通电话，就土武装力量在叙利亚阿夫林的行动，以及索契叙利亚全国对话大会成果交换意见。,http://sputniknews.cn/images/102462/77/1024627715.jpg;http://sputniknews.cn/images/102459/88/1024598822.jpg,http://sputniknews.cn/politics/201802041024627754/,,,None,unknown,0,0,"dead:0, hurt:0"
333,2018-01-24 21:40,为恐怖分子提供住所的法国人否认自己的罪行,俄罗斯卫星通讯社莫斯科1月24日电 曾向两名涉嫌参与2015年11月一系列巴黎恐袭的恐怖分子提供住所的法国居民贾瓦德·本达乌德（Jawad Bendaoud）否认自己的罪行。,俄罗斯卫星通讯社莫斯科1月24日电 曾向两名涉嫌参与2015年11月一系列巴黎恐袭的恐怖分子提供住所的法国居民贾瓦德·本达乌德（Jawad Bendaoud）否认自己的罪行。,http://sputniknews.cn/images/102224/37/1022243734.jpg;http://sputniknews.cn/images/101855/35/1018553579.jpg,http://sputniknews.cn/politics/201801241024554229/,,,None,unknown,0,0,"dead:0, hurt:0"
334,2017-07-14 12:58,媒体：3人在耶路撒冷的袭击中受伤 犯罪分子被消灭,俄罗斯卫星通讯社特拉维夫7月14日电 据以色列军方电台报道称，不明人士在耶路撒冷打伤3人，之后他们被以色列强力人员消灭。,俄罗斯卫星通讯社特拉维夫7月14日电 据以色列军方电台报道称，不明人士在耶路撒冷打伤3人，之后他们被以色列强力人员消灭。,http://sputniknews.cn/images/102167/12/1021671205.jpg;http://sputniknews.cn/images/102293/19/1022931947.jpg,http://sputniknews.cn/society/201707141023111437/,,,None,unknown,0,0,"dead:0, hurt:0"
335,2018-03-01 08:01,俄情报机关2017年挫败25起恐袭,俄罗斯卫星通讯社莫斯科3月1日电 俄罗斯国家反恐委员会代表伊戈尔∙库里亚金向记者表示，2017年情报部门在俄境内挫败了25起恐怖袭击。,俄罗斯卫星通讯社莫斯科3月1日电 俄罗斯国家反恐委员会代表伊戈尔∙库里亚金向记者表示，2017年情报部门在俄境内挫败了25起恐怖袭击。,http://sputniknews.cn/images/102431/43/1024314344.jpg;http://sputniknews.cn/images/102139/97/1021399741.jpg,http://sputniknews.cn/society/201803011024815595/,,,None,unknown,0,0,"dead:0, hurt:0"
336,2017-08-18 10:51,巴塞罗那恐袭目击者：人们吓哭了,松树圣母圣殿（Santa Maria del Pi）工作人员阿尔贝托•科尔特斯（Alberto Cortez）是周四晚上巴塞罗那发生的汽车冲撞人群事件的目击者，他向俄罗斯卫星通讯社描述了自己看到的场景。,松树圣母圣殿（Santa Maria del Pi）工作人员阿尔贝托•科尔特斯（Alberto Cortez）是周四晚上巴塞罗那发生的汽车冲撞人群事件的目击者，他向俄罗斯卫星通讯社描述了自己看到的场景。,http://sputniknews.cn/images/102338/98/1023389865.jpg;http://sputniknews.cn/images/101801/13/1018011396.jpg,http://sputniknews.cn/society/201708181023390835/,,,None,unknown,0,0,"dead:0, hurt:0"
337,2018-01-24 20:52,2个招募恐怖分子的网站在圣彼得堡警方检查后被关闭,俄罗斯卫星通讯社圣彼得堡1月24日电 据俄内务部地区总局局长谢尔盖·乌姆诺夫称，圣彼得堡警员发现了2个含有招募恐怖分子极端信息的网站，网站被关闭。,俄罗斯卫星通讯社圣彼得堡1月24日电 据俄内务部地区总局局长谢尔盖·乌姆诺夫称，圣彼得堡警员发现了2个含有招募恐怖分子极端信息的网站，网站被关闭。,http://sputniknews.cn/images/102439/62/1024396285.jpg;http://sputniknews.cn/images/102231/53/1022315367.jpg,http://sputniknews.cn/politics/201801241024554024/,,,None,unknown,0,0,"dead:0, hurt:0"
338,2018-03-11 01:05,埃及法院因恐怖主义判处10人死刑,俄罗斯卫星通讯社开罗3月10日电 埃及МЕНА新闻社消息称，埃及吉萨刑法法院判处10名埃及公民死刑，还有5人被判无期徒刑。,俄罗斯卫星通讯社开罗3月10日电 埃及МЕНА新闻社消息称，埃及吉萨刑法法院判处10名埃及公民死刑，还有5人被判无期徒刑。,http://sputniknews.cn/images/101335/34/1013353404.jpg;http://sputniknews.cn/images/102468/90/1024689068.jpg,http://sputniknews.cn/society/201803111024880987/,,,None,unknown,0,0,"dead:0, hurt:0"
339,2018-01-12 22:16,俄军在伊德利卜省发现恐怖分子无人机仓库,俄罗斯卫星通讯社莫斯科1月12日电 俄罗斯国防部发布消息称，俄军侦察兵在叙利亚伊德利卜省发现恐怖分子组装和存放无人机的地点。,俄罗斯卫星通讯社莫斯科1月12日电 俄罗斯国防部发布消息称，俄军侦察兵在叙利亚伊德利卜省发现恐怖分子组装和存放无人机的地点。,http://sputniknews.cn/images/102447/01/1024470130.jpg,http://sputniknews.cn/military/201801121024470159/,,,None,unknown,0,0,"dead:0, hurt:0"
340,2017-07-25 20:44,伊拉克副总统：鉴于恐怖分子威胁俄伊需更大力发展合作,俄罗斯卫星通讯社斯特列利纳7月25日电 伊拉克副总统马利基7月25日表示，鉴于恐怖分子的威胁，莫斯科与巴格达需要为发展合作做出更大努力，并应专注于安全问题。,俄罗斯卫星通讯社斯特列利纳7月25日电 伊拉克副总统马利基7月25日表示，鉴于恐怖分子的威胁，莫斯科与巴格达需要为发展合作做出更大努力，并应专注于安全问题。,http://sputniknews.cn/images/102317/44/1023174439.jpg;http://sputniknews.cn/images/102044/34/1020443403.jpg,http://sputniknews.cn/military/201707251023203017/,,,None,unknown,0,0,"dead:0, hurt:0"
341,2017-12-18 21:43,禁止化武组织与联合国叙境内化武使用情况联合调查机制未能胜任汉谢洪镇化武袭击调查任务,俄罗斯外交部防扩散和军控问题司司长米哈伊尔∙乌里扬诺夫在接受俄罗斯卫星通讯社采访时表示，以前的禁止化学武器组织与联合国叙利亚境内化武使用情况联合调查机制未能胜任叙利亚汉谢洪镇化武袭击调查任务，提交了一份实际上是捏造的报告。,俄罗斯外交部防扩散和军控问题司司长米哈伊尔∙乌里扬诺夫在接受俄罗斯卫星通讯社采访时表示，以前的禁止化学武器组织与联合国叙利亚境内化武使用情况联合调查机制未能胜任叙利亚汉谢洪镇化武袭击调查任务，提交了一份实际上是捏造的报告。,http://sputniknews.cn/images/102059/24/1020592425.jpg;http://sputniknews.cn/images/102345/29/1023452910.jpg,http://sputniknews.cn/politics/201712181024308555/,,,None,unknown,0,0,"dead:0, hurt:0"
342,2018-03-05 14:29,英国法院5日开审伦敦地铁恐袭案,俄罗斯卫星通讯社伦敦3月5日电 英国中央刑事法院对卫星通讯社表示，伦敦“帕森∙格林”地铁站恐怖袭击案将于3月5日开庭。,俄罗斯卫星通讯社伦敦3月5日电 英国中央刑事法院对卫星通讯社表示，伦敦“帕森∙格林”地铁站恐怖袭击案将于3月5日开庭。,http://sputniknews.cn/images/102250/12/1022501261.jpg;http://sputniknews.cn/images/102215/79/1022157904.jpg,http://sputniknews.cn/politics/201803051024844427/,,,None,unknown,0,0,"dead:0, hurt:0"
343,2017-08-18 02:01,警方称逮捕一名巴塞罗那恐怖袭击嫌疑人,据24小时新闻频道报道，警方逮捕一名涉嫌制造巴塞罗那恐袭的嫌犯。这则消息还没有得到官方证实。,据24小时新闻频道报道，警方逮捕一名涉嫌制造巴塞罗那恐袭的嫌犯。这则消息还没有得到官方证实。,http://sputniknews.cn/images/102338/84/1023388438.jpg;http://sputniknews.cn/images/102338/82/1023388244.jpg,http://sputniknews.cn/society/201708181023388993/,,,None,unknown,0,0,"dead:0, hurt:0"
344,2017-11-03 20:02,俄联邦安全局挫败多地多起极端主义图谋,俄联邦卫星通讯社莫斯科11月3日电 俄罗斯联邦安全局发布消息称，该部门阻止了逃亡政治人士马尔采夫的Artpodgotovka运动莫斯科分支的活动，其支持者试图在莫斯科挑起大规模骚动。,俄联邦卫星通讯社莫斯科11月3日电 俄罗斯联邦安全局发布消息称，该部门阻止了逃亡政治人士马尔采夫的Artpodgotovka运动莫斯科分支的活动，其支持者试图在莫斯科挑起大规模骚动。,http://sputniknews.cn/images/102347/07/1023470722.jpg;http://sputniknews.cn/images/102252/08/1022520833.jpg,http://sputniknews.cn/russia/201711031023965485/,,,None,unknown,0,0,"dead:0, hurt:0"
345,2017-08-20 19:41,加泰罗尼亚警方在寻找一名与恐袭相关的人,俄罗斯卫星通讯社马德里8月20日电 加泰罗尼亚警方表示，正在寻找一名与巴塞罗那和坎布里尔斯相关的人。,俄罗斯卫星通讯社马德里8月20日电 加泰罗尼亚警方表示，正在寻找一名与巴塞罗那和坎布里尔斯相关的人。,http://sputniknews.cn/images/102340/49/1023404962.jpg;http://sputniknews.cn/images/102340/35/1023403569.jpg,http://sputniknews.cn/society/201708201023404982/,,,None,unknown,0,0,"dead:0, hurt:0"
346,2017-06-16 21:20,叙伊德利卜发生自杀式炸弹袭击 有平民死伤,俄罗斯卫星通讯社贝鲁特6月16日电 据黎巴嫩迈亚丁电视台报道，一名自杀式袭击者在叙利亚伊德利卜一座清真寺旁引爆炸弹。,俄罗斯卫星通讯社贝鲁特6月16日电 据黎巴嫩迈亚丁电视台报道，一名自杀式袭击者在叙利亚伊德利卜一座清真寺旁引爆炸弹。,http://sputniknews.cn/images/102226/73/1022267371.jpg;http://sputniknews.cn/images/101752/88/1017528847.jpg,http://sputniknews.cn/military/201706161022880345/,,,None,unknown,0,0,"dead:0, hurt:0"
347,2017-12-30 15:32,“伊斯兰国”称对埃及教堂袭击案负责,俄罗斯卫星通讯社莫斯科12月30日电 专门监督极端组织在社交媒体上动态的赛德情报集团（SITE Intelligence Group）发布消息称，恐怖组织“伊斯兰国”声称对开罗郊区教堂袭击案负责，该案造成7人死亡。,俄罗斯卫星通讯社莫斯科12月30日电 专门监督极端组织在社交媒体上动态的赛德情报集团（SITE Intelligence Group）发布消息称，恐怖组织“伊斯兰国”声称对开罗郊区教堂袭击案负责，该案造成7人死亡。,http://sputniknews.cn/images/102439/21/1024392141.jpg;http://sputniknews.cn/images/102439/07/1024390794.jpg,http://sputniknews.cn/politics/201712301024392162/,,,None,unknown,0,0,"dead:0, hurt:0"
348,2017-06-29 02:50,顿涅茨克人民共和国称民兵与乌安全局汽车在顿巴斯被破坏无关,俄罗斯卫星通讯社顿涅茨克6月28日电 自行宣布成立的顿涅茨克人民共和国国防部表示，乌克兰安全局工作人员乘坐的汽车在顿巴斯被破坏可能与内讧有关，顿涅茨克人民共和国民兵与此无关。,俄罗斯卫星通讯社顿涅茨克6月28日电 自行宣布成立的顿涅茨克人民共和国国防部表示，乌克兰安全局工作人员乘坐的汽车在顿巴斯被破坏可能与内讧有关，顿涅茨克人民共和国民兵与此无关。,http://sputniknews.cn/images/102297/34/1022973437.jpg;http://sputniknews.cn/images/102122/50/1021225014.jpg,http://sputniknews.cn/politics/201706291022973394/,,,None,unknown,0,0,"dead:0, hurt:0"
349,2018-01-02 10:21,以色列空军袭击哈马斯阵地,以色列空军新闻处消息称，以色列空军为回应来加沙地区的火箭弹袭击，空袭了加沙地区南部哈马斯巴勒斯坦武装分子的空军设施。,以色列空军新闻处消息称，以色列空军为回应来加沙地区的火箭弹袭击，空袭了加沙地区南部哈马斯巴勒斯坦武装分子的空军设施。,http://sputniknews.cn/images/102027/87/1020278742.jpg;http://sputniknews.cn/images/102381/73/1023817314.jpg,http://sputniknews.cn/military/201801021024406588/,,,None,unknown,0,0,"dead:0, hurt:0"
350,2018-03-05 22:03,四名涉嫌策划袭击美驻土大使馆的IS恐怖分子被捕,俄罗斯卫星通讯社安卡拉3月5日电 四名涉嫌策划袭击美国驻土耳其大使馆的“伊斯兰国”恐怖组织成员在土耳其北部萨姆松市被捕。,俄罗斯卫星通讯社安卡拉3月5日电 四名涉嫌策划袭击美国驻土耳其大使馆的“伊斯兰国”恐怖组织成员在土耳其北部萨姆松市被捕。,http://sputniknews.cn/images/102374/69/1023746965.jpg;http://sputniknews.cn/images/102463/28/1024632804.jpg,http://sputniknews.cn/society/201803051024848884/,,,None,unknown,0,0,"dead:0, hurt:0"
351,2017-12-12 11:20,俄国民卫队和中国武警完成“合作2017”演习的关键阶段,俄罗斯卫星通讯社莫斯科12月12日电  俄罗斯国民卫队大众信息合作司发布消息称，俄国民卫队与中国武警特种兵完成了野外实习，这是“合作2017”国际战术特种演习的关键阶段之一。,俄罗斯卫星通讯社莫斯科12月12日电  俄罗斯国民卫队大众信息合作司发布消息称，俄国民卫队与中国武警特种兵完成了野外实习，这是“合作2017”国际战术特种演习的关键阶段之一。,http://sputniknews.cn/images/102419/30/1024193091.jpg;http://sputniknews.cn/images/102422/96/1024229646.jpg,http://sputniknews.cn/military/201712121024260636/,,,None,unknown,0,0,"dead:0, hurt:0"
352,2017-06-11 01:47,通讯社：超过30人在伊斯兰国组织对伊拉克发起的进攻中死亡,据路透社消息，伊斯兰国恐怖组织分子（为俄罗斯禁止的组织）对什尔卡特市发起了进攻。该市坐落在摩苏尔南部100公里处，超过30人死亡。,据路透社消息，伊斯兰国恐怖组织分子（为俄罗斯禁止的组织）对什尔卡特市发起了进攻。该市坐落在摩苏尔南部100公里处，超过30人死亡。,http://sputniknews.cn/images/102105/41/1021054194.jpg;http://sputniknews.cn/images/102212/66/1022126667.jpg,http://sputniknews.cn/military/201706111022834732/,,,None,unknown,0,0,"dead:0, hurt:0"
353,2017-11-01 16:47,纽约恐袭制造者当年通过绿卡抽签移民到美国,俄罗斯卫星通讯社莫斯科11月1日电 据《圣莫妮卡观察家报》（Santa Monica Observer）报道，涉嫌制造纽约恐袭的乌兹别克斯坦人赛义波夫（Sayfullo Saipov）当年是绿卡抽签中签移民到美国的。,俄罗斯卫星通讯社莫斯科11月1日电 据《圣莫妮卡观察家报》（Santa Monica Observer）报道，涉嫌制造纽约恐袭的乌兹别克斯坦人赛义波夫（Sayfullo Saipov）当年是绿卡抽签中签移民到美国的。,http://sputniknews.cn/images/102394/20/1023942027.jpg;http://sputniknews.cn/images/102392/99/1023929928.jpg,http://sputniknews.cn/society/201711011023942657/,,,None,unknown,0,0,"dead:0, hurt:0"
354,2017-08-20 21:32,警方不知巴塞罗那恐怖分子身在何国,俄罗斯卫星通讯社马德里8月20日电 加泰罗尼亚执法机关没有掌握在实施巴塞罗那恐怖袭击的恐怖分子身在何处的信息，不排除他可能已经穿越边境。,俄罗斯卫星通讯社马德里8月20日电 加泰罗尼亚执法机关没有掌握在实施巴塞罗那恐怖袭击的恐怖分子身在何处的信息，不排除他可能已经穿越边境。,http://sputniknews.cn/images/102338/98/1023389865.jpg;http://sputniknews.cn/images/102340/50/1023405043.jpg,http://sputniknews.cn/society/201708201023405380/,,,None,unknown,0,0,"dead:0, hurt:0"
355,2018-03-08 20:41,媒体：一名塔利班头目之子在阿富汗的美军无人机袭击中丧生,俄罗斯卫星通讯社莫斯科3月8日电 据阿富汗独立通讯社(Pajhwok)报道称，美国在阿富汗无人机的袭击造成至少20名武装分子被消灭，其中包括塔利班领导人之一穆拉·法兹鲁拉的儿子。,俄罗斯卫星通讯社莫斯科3月8日电 据阿富汗独立通讯社(Pajhwok)报道称，美国在阿富汗无人机的袭击造成至少20名武装分子被消灭，其中包括塔利班领导人之一穆拉·法兹鲁拉的儿子。,http://sputniknews.cn/images/102084/64/1020846486.jpg;http://sputniknews.cn/images/102131/93/1021319358.jpg,http://sputniknews.cn/military/201803081024872325/,,,None,unknown,0,0,"dead:0, hurt:0"
356,2017-08-23 21:19,媒体：西班牙恐袭案策划者曾计划引爆汽车炸弹,俄罗斯卫星通讯社马德里8月23日电 西班牙《世界报》（El Mundo）23日报道，西班牙恐袭策划者们起初计划实施更大规模的袭击，包括在巴萨罗那主要名胜古迹周边实施汽车爆炸。,俄罗斯卫星通讯社马德里8月23日电 西班牙《世界报》（El Mundo）23日报道，西班牙恐袭策划者们起初计划实施更大规模的袭击，包括在巴萨罗那主要名胜古迹周边实施汽车爆炸。,http://sputniknews.cn/images/102339/83/1023398396.jpg;http://sputniknews.cn/images/102340/50/1023405043.jpg,http://sputniknews.cn/society/201708231023431460/,,,None,unknown,0,0,"dead:0, hurt:0"
357,2018-01-03 06:04,外媒：五人在埃及被军事法庭判处死刑,俄罗斯卫星通讯社迪拜电 阿拉伯半岛电视台消息称，埃及当局处决了5名犯人，其中4名因恐怖主义相关指控被军事法院判处死刑。,俄罗斯卫星通讯社迪拜电 阿拉伯半岛电视台消息称，埃及当局处决了5名犯人，其中4名因恐怖主义相关指控被军事法院判处死刑。,http://sputniknews.cn/images/102008/39/1020083972.jpg;http://sputniknews.cn/images/102439/07/1024390794.jpg,http://sputniknews.cn/society/201801031024409599/,,,None,unknown,0,0,"dead:0, hurt:0"
358,2017-08-21 23:12,“阿尔法”反恐部队老兵：欧洲存在国际恐怖分子分支网,卫星通讯社莫斯科8月21日电 俄罗斯“阿尔法”反恐部队国际退伍军人协会主席谢尔盖·贡恰罗夫认为，发生在西班牙和芬兰的恐怖袭击表明，欧洲存在国际恐怖分子分支网。,卫星通讯社莫斯科8月21日电 俄罗斯“阿尔法”反恐部队国际退伍军人协会主席谢尔盖·贡恰罗夫认为，发生在西班牙和芬兰的恐怖袭击表明，欧洲存在国际恐怖分子分支网。,http://sputniknews.cn/images/102339/83/1023398396.jpg;http://sputniknews.cn/images/102339/50/1023395090.jpg,http://sputniknews.cn/society/201708211023414413/,,,,unknown,0,0,"dead:0, hurt:0"
359,2018-02-02 12:50,顿涅茨克不排除乌情报部门涉嫌策划国防部大楼恐袭,俄罗斯卫星通讯社顿涅茨克2月2日电 自行宣布成立的顿涅茨克人民共和国国防部长弗拉基米尔∙科诺诺夫不排除，乌克兰情报部门可能参与组织顿涅茨克恐袭。,俄罗斯卫星通讯社顿涅茨克2月2日电 自行宣布成立的顿涅茨克人民共和国国防部长弗拉基米尔∙科诺诺夫不排除，乌克兰情报部门可能参与组织顿涅茨克恐袭。,http://sputniknews.cn/images/102176/13/1021761388.jpg;http://sputniknews.cn/images/102461/58/1024615846.jpg,http://sputniknews.cn/politics/201802021024617128/,,,None,unknown,0,0,"dead:0, hurt:0"
360,2017-11-21 18:03,媒体：尼日利亚东北部清真寺发生爆炸至少50人死亡,俄罗斯卫星通讯社莫斯科11月21日电  据TV360 Nigeria电视台援引警方报道，尼日利亚东北部城市穆比的一座清真寺发生自杀式炸弹袭击，导致至少50人死亡。,俄罗斯卫星通讯社莫斯科11月21日电  据TV360 Nigeria电视台援引警方报道，尼日利亚东北部城市穆比的一座清真寺发生自杀式炸弹袭击，导致至少50人死亡。,http://sputniknews.cn/images/102410/06/1024100628.jpg;http://sputniknews.cn/images/101733/45/1017334516.jpg,http://sputniknews.cn/society/201711211024100648/,,,,unknown,0,0,"dead:0, hurt:0"
361,2017-09-04 13:15,“伊斯兰国”招募者曾企图唆使BBC记者在英实施恐袭,俄罗斯卫星通讯社莫斯科9月4日电 英国《卫报》报道称，一名恐怖组织“伊斯兰国”武装分子曾企图招募一位BBC记者，以唆使其在伦敦桥上实施恐怖袭击，计划实施时间比今年6月发生的袭击提前一年。,俄罗斯卫星通讯社莫斯科9月4日电 英国《卫报》报道称，一名恐怖组织“伊斯兰国”武装分子曾企图招募一位BBC记者，以唆使其在伦敦桥上实施恐怖袭击，计划实施时间比今年6月发生的袭击提前一年。,http://sputniknews.cn/images/101930/03/1019300375.jpg;http://sputniknews.cn/images/101897/85/1018978549.jpg,http://sputniknews.cn/society/201709041023512533/,,,,unknown,0,0,"dead:0, hurt:0"
362,2017-10-29 18:56,伦敦机场就安全资料可能遭泄露进行调查,俄罗斯卫星通讯社莫斯科10月29日电 天空新闻台（Sky News）称，有报道称，在伦敦某街道发现USB闪存盘，里面有涉及机场安全保障的信息。伦敦希思罗机场正在就该报道进行调查。,俄罗斯卫星通讯社莫斯科10月29日电 天空新闻台（Sky News）称，有报道称，在伦敦某街道发现USB闪存盘，里面有涉及机场安全保障的信息。伦敦希思罗机场正在就该报道进行调查。,http://sputniknews.cn/images/101992/70/1019927043.jpg;http://sputniknews.cn/images/102269/08/1022690839.jpg,http://sputniknews.cn/society/201710291023915477/,,,None,unknown,0,0,"dead:0, hurt:0"
363,2018-01-30 21:54,普京称是时候考虑与美国延长《削减战略武器条约》,俄罗斯卫星通讯社莫斯科1月30日电 俄罗斯总统普京在会见他的竞选受托人期间表示，有必要考虑延长不久将到期的《削减战略武器条约》。,俄罗斯卫星通讯社莫斯科1月30日电 俄罗斯总统普京在会见他的竞选受托人期间表示，有必要考虑延长不久将到期的《削减战略武器条约》。,http://sputniknews.cn/images/102081/69/1020816908.jpg;http://sputniknews.cn/images/101397/56/1013975696.jpg,http://sputniknews.cn/politics/201801301024596433/,,,None,unknown,0,0,"dead:0, hurt:0"
364,2017-08-18 12:30,联合国安理会谴责“野蛮而怯懦”的巴塞罗那恐袭,俄罗斯卫星通讯社莫斯科8月18日电 联合国安理会严厉谴责发生在西班牙巴塞罗那的“野蛮而怯懦”的恐怖袭击。,俄罗斯卫星通讯社莫斯科8月18日电 联合国安理会严厉谴责发生在西班牙巴塞罗那的“野蛮而怯懦”的恐怖袭击。,http://sputniknews.cn/images/102234/24/1022342489.jpg;http://sputniknews.cn/images/102338/93/1023389389.jpg,http://sputniknews.cn/society/201708181023391499/,,,,unknown,0,0,"dead:0, hurt:0"
365,2017-12-12 16:54,俄联邦安全局挫败新年恐袭图谋,俄罗斯卫星通讯社莫斯科12月12日电 俄罗斯联邦安全局局长、国家反恐委员会主席亚历山大•博尔特尼科夫12月12日表示，联邦安全局破获一起准备于新年和选举期间在莫斯科地区实施恐怖袭击的团伙，其成员来自中亚。,俄罗斯卫星通讯社莫斯科12月12日电 俄罗斯联邦安全局局长、国家反恐委员会主席亚历山大•博尔特尼科夫12月12日表示，联邦安全局破获一起准备于新年和选举期间在莫斯科地区实施恐怖袭击的团伙，其成员来自中亚。,http://sputniknews.cn/images/102130/87/1021308720.jpg;http://sputniknews.cn/images/102416/81/1024168199.jpg,http://sputniknews.cn/russia/201712121024263234/,,,None,unknown,0,0,"dead:0, hurt:0"
366,2017-09-29 20:48,越南军事专家：俄军事行动的成功造就近东力量新布局,9月30日俄罗斯空天军在叙军事行动将满两年。越南军事专家乐茂大校（Le The Mau）在接受俄罗斯卫星通讯社采访时指出，俄罗斯在叙利亚军事行动的成功正在形成近东力量的新布局，将对全世界其他地区危机的解决产生积极影响。,9月30日俄罗斯空天军在叙军事行动将满两年。越南军事专家乐茂大校（Le The Mau）在接受俄罗斯卫星通讯社采访时指出，俄罗斯在叙利亚军事行动的成功正在形成近东力量的新布局，将对全世界其他地区危机的解决产生积极影响。,http://sputniknews.cn/images/102364/32/1023643287.jpg;http://sputniknews.cn/images/102369/27/1023692733.jpg,http://sputniknews.cn/opinion/201709291023706760/,,,None,unknown,0,0,"dead:0, hurt:0"
367,2017-12-18 19:27,克宫：美国中情局帮助阻止俄恐怖袭击一事是合作的样例,俄罗斯卫星通讯社莫斯科12月18日电 俄罗斯总统新闻秘书佩斯科夫表示，俄罗斯和美国的情报部门偶尔合作，但是应该努力像制止圣彼得堡市恐袭威胁这样进行有效互动。,俄罗斯卫星通讯社莫斯科12月18日电 俄罗斯总统新闻秘书佩斯科夫表示，俄罗斯和美国的情报部门偶尔合作，但是应该努力像制止圣彼得堡市恐袭威胁这样进行有效互动。,http://sputniknews.cn/images/102363/93/1023639374.jpg;http://sputniknews.cn/images/102341/09/1023410946.jpg,http://sputniknews.cn/politics/201712181024307408/,,,None,unknown,0,0,"dead:0, hurt:0"
368,2018-01-11 21:10,俄军总参谋部：攻击俄罗斯驻叙利亚叙军事基地的6架无人机上挂载的炸弹在乌克兰制造,俄罗斯总参谋部无人机使用体系建设与发展局局长亚历山大·诺维科夫少将星期四对媒体表示，攻击俄罗斯驻叙利亚叙军事设施的6架无人机上挂载的弹药有在乌克兰生产的。,俄罗斯总参谋部无人机使用体系建设与发展局局长亚历山大·诺维科夫少将星期四对媒体表示，攻击俄罗斯驻叙利亚叙军事设施的6架无人机上挂载的弹药有在乌克兰生产的。,http://sputniknews.cn/images/102444/55/1024445571.jpg;http://sputniknews.cn/images/102444/55/1024445572.jpg,http://sputniknews.cn/military/201801111024460518/,,,None,unknown,0,0,"dead:0, hurt:0"
369,2017-08-21 23:33,媒体：坎布里尔斯恐怖分子曾给亲人留言请求原谅,俄罗斯卫星通讯社莫斯科8月21日电 西班牙《世界报》报道，一名坎布里尔斯恐怖分子曾给亲人留言，请求他们原谅自己带给他人的伤害。,俄罗斯卫星通讯社莫斯科8月21日电 西班牙《世界报》报道，一名坎布里尔斯恐怖分子曾给亲人留言，请求他们原谅自己带给他人的伤害。,http://sputniknews.cn/images/102341/46/1023414618.jpg;http://sputniknews.cn/images/102341/45/1023414514.jpg,http://sputniknews.cn/society/201708211023414654/,,,None,unknown,0,0,"dead:0, hurt:0"
370,2017-08-09 02:15,民调：认为美国正在反恐战争中取胜的美国人越来越少,俄罗斯卫星通讯社莫斯科8月8日电 美国民调机构拉斯穆森报告（Rasmussen Reports）最新民意调查显示，39%的美国人表示，美国及其盟友正在反恐战争中取得胜利，年初有45%的美国居民这样认为。,俄罗斯卫星通讯社莫斯科8月8日电 美国民调机构拉斯穆森报告（Rasmussen Reports）最新民意调查显示，39%的美国人表示，美国及其盟友正在反恐战争中取得胜利，年初有45%的美国居民这样认为。,http://sputniknews.cn/images/102158/54/1021585483.jpg;http://sputniknews.cn/images/102250/17/1022501752.jpg,http://sputniknews.cn/society/201708091023315395/,,,None,unknown,0,0,"dead:0, hurt:0"
371,2018-01-16 20:59,塞尔维亚总统称在科索沃杀害塞族政治家是恐怖主义行为,俄罗斯卫星通讯社贝尔格莱德1月16日电 塞尔维亚总统武契奇16日表示，在科索沃杀害塞族政治家奥利弗·伊万诺维奇是恐怖主义行为。,俄罗斯卫星通讯社贝尔格莱德1月16日电 塞尔维亚总统武契奇16日表示，在科索沃杀害塞族政治家奥利弗·伊万诺维奇是恐怖主义行为。,http://sputniknews.cn/images/102449/38/1024493803.jpg;http://sputniknews.cn/images/101465/33/1014653363.jpg,http://sputniknews.cn/politics/201801161024493822/,,,None,unknown,0,0,"dead:0, hurt:0"
372,2017-12-04 19:43,出入土耳其航班将由武警随机护送,土耳其交通、船运和通讯部长艾哈迈德·阿尔斯兰表示，出入土耳其的航班将由武装警察护送。,土耳其交通、船运和通讯部长艾哈迈德·阿尔斯兰表示，出入土耳其的航班将由武装警察护送。,http://sputniknews.cn/images/101924/10/1019241023.jpg;http://sputniknews.cn/images/102223/77/1022237770.jpg,http://sputniknews.cn/society/201712041024203094/,,,None,unknown,0,0,"dead:0, hurt:0"
373,2017-06-30 17:10,英外交大臣承诺制裁在叙使用化武责任人,俄罗斯卫星通讯社莫斯科6月30日电 英国外交大臣约翰逊承诺将制裁在叙利亚使用化学武器的责任人。,俄罗斯卫星通讯社莫斯科6月30日电 英国外交大臣约翰逊承诺将制裁在叙利亚使用化学武器的责任人。,http://sputniknews.cn/images/102229/71/1022297186.jpg;http://sputniknews.cn/images/102226/73/1022267372.jpg,http://sputniknews.cn/politics/201706301022989142/,,,None,unknown,0,0,"dead:0, hurt:0"
374,2017-08-18 10:11,中国总领馆：一名香港游客在巴塞罗那恐袭事件中受伤,据中国总领馆发布的消息，一名香港游客在巴塞罗那恐袭事件中受伤，暂无其他中国公民伤亡报告。,据中国总领馆发布的消息，一名香港游客在巴塞罗那恐袭事件中受伤，暂无其他中国公民伤亡报告。,http://sputniknews.cn/images/102338/98/1023389865.jpg;http://sputniknews.cn/images/102339/01/1023390142.jpg,http://sputniknews.cn/society/201708181023390575/,,,None,unknown,0,0,"dead:0, hurt:0"
375,2017-06-21 11:07,伊朗总统：对叙境内IS的导弹打击是正确和必要的措施,俄罗斯卫星通讯社莫斯科6月21日电 据伊朗国家通讯社（IRNA）报道称，该国总统鲁哈尼表示，对叙利亚境内“伊斯兰国”恐怖组织阵地的导弹打击是正确、及时和必要的措施。,俄罗斯卫星通讯社莫斯科6月21日电 据伊朗国家通讯社（IRNA）报道称，该国总统鲁哈尼表示，对叙利亚境内“伊斯兰国”恐怖组织阵地的导弹打击是正确、及时和必要的措施。,http://sputniknews.cn/images/101646/34/1016463437.jpg;http://sputniknews.cn/images/102179/21/1021792157.jpg,http://sputniknews.cn/military/201706211022908242/,,,None,unknown,0,0,"dead:0, hurt:0"
376,2017-09-27 14:33,牺牲在叙利亚的俄罗斯将军将安葬在莫斯科郊外,俄罗斯卫星通讯社符拉迪沃斯托克9月27日电 乌苏里斯克市政府发布消息称，在叙利亚牺牲的俄罗斯中将瓦列里·阿萨波夫9月27日将被安葬在莫斯科州的俄罗斯联邦军人纪念公墓。,俄罗斯卫星通讯社符拉迪沃斯托克9月27日电 乌苏里斯克市政府发布消息称，在叙利亚牺牲的俄罗斯中将瓦列里·阿萨波夫9月27日将被安葬在莫斯科州的俄罗斯联邦军人纪念公墓。,http://sputniknews.cn/images/102359/11/1023591105.jpg;http://sputniknews.cn/images/102368/26/1023682619.jpg,http://sputniknews.cn/politics/201709271023685432/,,,None,unknown,0,0,"dead:0, hurt:0"
377,2017-11-01 06:49,特朗普：美国不会允许“伊斯兰国”在海外遭到失败后进入本国,俄罗斯卫星通讯社华盛顿11月1日电 美国总统特朗普10月31日在纽约恐袭事件后表示，美国不会允许恐怖组织“伊斯兰国”进入本国。,俄罗斯卫星通讯社华盛顿11月1日电 美国总统特朗普10月31日在纽约恐袭事件后表示，美国不会允许恐怖组织“伊斯兰国”进入本国。,http://sputniknews.cn/images/102393/64/1023936417.jpg;http://sputniknews.cn/images/102393/61/1023936140.jpg,http://sputniknews.cn/politics/201711011023936178/,,,None,unknown,0,0,"dead:0, hurt:0"
378,2018-01-05 14:32,媒体：喀布尔自杀式袭击已造成至少20死30伤,俄罗斯卫星通讯社莫斯科1月5日电 阿富汗Tolo News电视台援引该国内政部的消息报道称，喀布尔自杀式恐怖袭击遇难人数已上升至20人，另有30人受伤。,俄罗斯卫星通讯社莫斯科1月5日电 阿富汗Tolo News电视台援引该国内政部的消息报道称，喀布尔自杀式恐怖袭击遇难人数已上升至20人，另有30人受伤。,http://sputniknews.cn/images/102442/15/1024421538.jpg;http://sputniknews.cn/images/102025/36/1020253659.jpg,http://sputniknews.cn/society/201801051024421567/,,,None,unknown,0,0,"dead:0, hurt:0"
379,2017-08-19 21:46,法国警方加强西班牙-法国方向人员过境检查,俄罗斯卫星通讯社莫斯科8月19日电 美联社援引法国安全部门代表的话报道，因加泰罗尼亚发生恐怖袭击，法国警方对来自西班牙的过境人员进行额外检查。,俄罗斯卫星通讯社莫斯科8月19日电 美联社援引法国安全部门代表的话报道，因加泰罗尼亚发生恐怖袭击，法国警方对来自西班牙的过境人员进行额外检查。,http://sputniknews.cn/images/102340/27/1023402734.jpg;http://sputniknews.cn/images/102340/21/1023402137.jpg,http://sputniknews.cn/society/201708191023402852/,,,,unknown,0,0,"dead:0, hurt:0"
380,2017-06-28 16:52,中国力图让阿富汗和巴基斯坦讲和,北京在中亚和南亚地区强化自己的影响力。《独立报》写道。,北京在中亚和南亚地区强化自己的影响力。《独立报》写道。,http://sputniknews.cn/images/101985/39/1019853982.jpg;http://sputniknews.cn/images/102294/88/1022948862.jpg,http://sputniknews.cn/russianmedia/201706281022967667/,,,None,unknown,0,0,"dead:0, hurt:0"
381,2017-06-19 15:00,伦敦发生汽车撞人事故的街道仍在戒严之中,俄罗斯卫星通讯社伦敦6月19日电 英国电视台19日清晨的镜头证实，厢式货车撞人事件发生近6个小时后，位于伦敦北部的事发地七姐妹街仍然处于戒严之中。,俄罗斯卫星通讯社伦敦6月19日电 英国电视台19日清晨的镜头证实，厢式货车撞人事件发生近6个小时后，位于伦敦北部的事发地七姐妹街仍然处于戒严之中。,http://sputniknews.cn/images/102289/24/1022892438.jpg;http://sputniknews.cn/images/102289/21/1022892179.jpg,http://sputniknews.cn/politics/201706191022892345/,,,None,unknown,0,0,"dead:0, hurt:0"
382,2017-09-15 17:37,警方将伦敦地铁事故定性为恐怖袭击,警方将伦敦地铁事故定性为恐怖袭击。,警方将伦敦地铁事故定性为恐怖袭击。,http://sputniknews.cn/images/102360/68/1023606857.jpg;http://sputniknews.cn/images/102360/67/1023606747.jpg,http://sputniknews.cn/society/201709151023607672/,,,None,unknown,0,0,"dead:0, hurt:0"
383,2018-01-20 23:53,美国指责叙政府使用化武的根据源自社交网流言,俄罗斯卫星通讯社莫斯科1月20日电 俄罗斯国防部发布消息称，美国试图指责叙政府使用化武的根据完全源自社交网流言和武装分子的言词。但没有一例是证实的事实。,俄罗斯卫星通讯社莫斯科1月20日电 俄罗斯国防部发布消息称，美国试图指责叙政府使用化武的根据完全源自社交网流言和武装分子的言词。但没有一例是证实的事实。,http://sputniknews.cn/images/101759/77/1017597779.jpg;http://sputniknews.cn/images/102152/12/1021521290.jpg,http://sputniknews.cn/military/201801201024525597/,,,None,unknown,0,0,"dead:0, hurt:0"
384,2017-08-07 05:30,伊朗安全委员会秘书：美国在叙利亚拉卡的袭击是在帮助恐怖分子,俄罗斯卫星通讯社莫斯科电 伊朗的英语新闻电视台Press TV消息称，伊朗最高国家安全委员会秘书沙姆哈尼表示，美国领导的反恐联盟在叙利亚拉卡进行的空袭降低地区的安全，巩固恐怖主义。,俄罗斯卫星通讯社莫斯科电 伊朗的英语新闻电视台Press TV消息称，伊朗最高国家安全委员会秘书沙姆哈尼表示，美国领导的反恐联盟在叙利亚拉卡进行的空袭降低地区的安全，巩固恐怖主义。,http://sputniknews.cn/images/102051/29/1020512999.jpg;http://sputniknews.cn/images/102281/95/1022819535.jpg,http://sputniknews.cn/politics/201708071023295617/,,,None,unknown,0,0,"dead:0, hurt:0"
385,2017-09-06 00:31,代尔祖尔省省长：机场将在近几天内被解放,代尔祖尔省省长穆罕默德·萨姆拉对俄罗斯卫星通讯社表示，“昨日在天然气加工厂附近与恐怖分子进行了激烈的战役。目前叙利亚军队距离代尔祖尔市仅有2-3千米。”,代尔祖尔省省长穆罕默德·萨姆拉对俄罗斯卫星通讯社表示，“昨日在天然气加工厂附近与恐怖分子进行了激烈的战役。目前叙利亚军队距离代尔祖尔市仅有2-3千米。”,http://sputniknews.cn/images/102352/87/1023528792.jpg;http://sputniknews.cn/images/101904/42/1019044231.jpg,http://sputniknews.cn/russia/201709061023528984/,,,None,unknown,0,0,"dead:0, hurt:0"
386,2018-01-08 01:42,以色列军方称2017年境内遭到43枚火箭弹袭击,俄罗斯卫星通讯社莫斯科1月7日电 以色列军方在推特上发文称，2017年以色列境内共遭到43枚来自加沙地带和西奈半岛的火箭弹袭击。,俄罗斯卫星通讯社莫斯科1月7日电 以色列军方在推特上发文称，2017年以色列境内共遭到43枚来自加沙地带和西奈半岛的火箭弹袭击。,http://sputniknews.cn/images/102160/65/1021606559.jpg;http://sputniknews.cn/images/102430/34/1024303493.jpg,http://sputniknews.cn/politics/201801081024432011/,,,None,unknown,0,0,"dead:0, hurt:0"
387,2018-01-10 17:24,土外长：俄罗斯和伊朗应停止叙军队在伊德利卜的行动,俄罗斯卫星通讯社安卡拉1月10日电 土耳其外交部长恰武什奥卢表示，俄罗斯和伊朗应该履行作为叙利亚和平调解担保国的义务并停止叙利亚政府军在伊德利卜省冲突降级区的行动。,俄罗斯卫星通讯社安卡拉1月10日电 土耳其外交部长恰武什奥卢表示，俄罗斯和伊朗应该履行作为叙利亚和平调解担保国的义务并停止叙利亚政府军在伊德利卜省冲突降级区的行动。,http://sputniknews.cn/images/102444/93/1024449399.jpg;http://sputniknews.cn/images/102443/10/1024431074.jpg,http://sputniknews.cn/military/201801101024449420/,,,None,unknown,0,0,"dead:0, hurt:0"
388,2018-01-08 22:08,媒体：以色列拘捕2名涉嫌策划恐袭并与IS有染女子,俄罗斯卫星通讯社莫斯科1月8日电 《耶路撒冷邮报》（Jerusalem Post）报道称，以色列国家安全局（辛贝特）拘捕了2名涉嫌策划恐怖袭击，并与恐怖组织“伊斯兰国”(IS)（在俄被禁止）合作的年轻女子。,俄罗斯卫星通讯社莫斯科1月8日电 《耶路撒冷邮报》（Jerusalem Post）报道称，以色列国家安全局（辛贝特）拘捕了2名涉嫌策划恐怖袭击，并与恐怖组织“伊斯兰国”(IS)（在俄被禁止）合作的年轻女子。,http://sputniknews.cn/images/102425/28/1024252896.jpg;http://sputniknews.cn/images/102160/65/1021606560.jpg,http://sputniknews.cn/society/201801081024435626/,,,None,unknown,0,0,"dead:0, hurt:0"
389,2017-08-17 23:49,巴塞罗那警方称市中心发生恐怖袭击,据法新社消息，巴塞罗那警方称市中心发生恐怖袭击。,据法新社消息，巴塞罗那警方称市中心发生恐怖袭击。,http://sputniknews.cn/images/102149/90/1021499078.jpg;http://sputniknews.cn/images/102338/77/1023387745.jpg,http://sputniknews.cn/society/201708171023387956/,,,,unknown,0,0,"dead:0, hurt:0"
390,2017-08-11 06:51,美国对索马里境内的青年党进行两次袭击,俄罗斯卫星通讯社华盛顿电 美军非洲指挥部发布消息称，美国对索马里境内的青年党进行两次袭击。,俄罗斯卫星通讯社华盛顿电 美军非洲指挥部发布消息称，美国对索马里境内的青年党进行两次袭击。,http://sputniknews.cn/images/101781/78/1017817872.jpg;http://sputniknews.cn/images/102175/30/1021753076.jpg,http://sputniknews.cn/military/201708111023333541/,,,None,unknown,0,0,"dead:0, hurt:0"
391,2018-03-06 06:08,俄常驻联合国代表称人权委员会有关东古塔的决议带有政治化的内容,俄罗斯卫星通讯社日内瓦电 俄罗斯常驻联合国日内瓦办事处代表加季洛夫向卫星通讯社表示，联合国人权理事会3月5日通过的决议，旨在批评大马士革，并存在政治化的内容。,俄罗斯卫星通讯社日内瓦电 俄罗斯常驻联合国日内瓦办事处代表加季洛夫向卫星通讯社表示，联合国人权理事会3月5日通过的决议，旨在批评大马士革，并存在政治化的内容。,http://sputniknews.cn/images/102198/92/1021989251.jpg;http://sputniknews.cn/images/102484/08/1024840813.jpg,http://sputniknews.cn/politics/201803061024850549/,,,None,unknown,0,0,"dead:0, hurt:0"
392,2017-09-27 14:14,“征服阵线”5名战地指挥官在叙伊德利卜省被消灭,俄罗斯国防部发言人伊戈尔·科纳申科夫少将表示，“征服阵线”（在俄被禁恐怖组织）5名有影响力的战地指挥官在叙利亚伊德利卜省被消灭。,俄罗斯国防部发言人伊戈尔·科纳申科夫少将表示，“征服阵线”（在俄被禁恐怖组织）5名有影响力的战地指挥官在叙利亚伊德利卜省被消灭。,http://sputniknews.cn/images/102364/36/1023643694.jpg;http://sputniknews.cn/images/102364/32/1023643288.jpg,http://sputniknews.cn/military/201709271023685336/,,,None,unknown,0,0,"dead:0, hurt:0"
393,2017-07-20 09:54,报告：美国指责叙政府多次使用化学武器,俄罗斯卫星通讯社华盛顿7月20日电 美国在2016年恐怖主义年度报告中再次指责大马士革多次针对其人民使用化学武器。,俄罗斯卫星通讯社华盛顿7月20日电 美国在2016年恐怖主义年度报告中再次指责大马士革多次针对其人民使用化学武器。,http://sputniknews.cn/images/101559/24/1015592428.jpg;http://sputniknews.cn/images/101846/03/1018460334.jpg,http://sputniknews.cn/society/201707201023159361/,,,None,unknown,0,0,"dead:0, hurt:0"
394,2018-01-20 21:37,绍伊古：俄罗斯计划与缅甸分享如何防止恐怖分子使用无人飞行器进行袭击的工作经验,俄罗斯将和缅甸就如何预防叙利亚恐怖分子使用远程操纵飞行器进行恐怖袭击的措施进行探讨，彼此交流工作经验。,俄罗斯将和缅甸就如何预防叙利亚恐怖分子使用远程操纵飞行器进行恐怖袭击的措施进行探讨，彼此交流工作经验。,http://sputniknews.cn/images/102445/12/1024451293.png;http://sputniknews.cn/images/102193/31/1021933173.jpg,http://sputniknews.cn/russia/201801201024525039/,,,None,unknown,0,0,"dead:0, hurt:0"
395,2018-02-07 05:55,叙驻俄大使馆：叙对俄外交代表机构再遭恐怖分子袭击表示强烈谴责,俄罗斯卫星通讯社莫斯科2月7日电 叙利亚驻莫斯科大使馆在俄罗斯驻大马士革商务代表处遇袭后表示，叙利亚对俄罗斯外交代表机构再次遭到恐怖分子袭击事件表示强烈谴责。,俄罗斯卫星通讯社莫斯科2月7日电 叙利亚驻莫斯科大使馆在俄罗斯驻大马士革商务代表处遇袭后表示，叙利亚对俄罗斯外交代表机构再次遭到恐怖分子袭击事件表示强烈谴责。,http://sputniknews.cn/images/102302/74/1023027423.jpg;http://sputniknews.cn/images/102465/17/1024651791.jpg,http://sputniknews.cn/politics/201802071024652591/,,,None,unknown,0,0,"dead:0, hurt:0"
396,2017-08-20 22:47,外媒：西班牙恐怖袭击案一名嫌疑人曾去过瑞士,俄罗斯卫星通讯社马德里8月20日电 《国家报》（El País）援引瑞士警方消息称，一名涉嫌参与西班牙恐怖袭击的嫌疑人去年曾去过苏黎世。,俄罗斯卫星通讯社马德里8月20日电 《国家报》（El País）援引瑞士警方消息称，一名涉嫌参与西班牙恐怖袭击的嫌疑人去年曾去过苏黎世。,http://sputniknews.cn/images/101824/01/1018240117.jpg;http://sputniknews.cn/images/102340/50/1023405043.jpg,http://sputniknews.cn/politics/201708201023405561/,,,None,unknown,0,0,"dead:0, hurt:0"
397,2017-09-07 21:26,上合组织秘书长：上合组织反恐机构在2年时间里成功阻止几十起恐袭,俄罗斯卫星通讯社符拉迪沃斯托克9月7日电 上海合作组织秘书长拉希德∙阿利莫夫在东方经济论坛期间接受俄罗斯卫星通讯社采访时表示，上合组织地区反恐机构1-2年里在上合组织国家范围内成功阻止了几十起恐怖袭击。,俄罗斯卫星通讯社符拉迪沃斯托克9月7日电 上海合作组织秘书长拉希德∙阿利莫夫在东方经济论坛期间接受俄罗斯卫星通讯社采访时表示，上合组织地区反恐机构1-2年里在上合组织国家范围内成功阻止了几十起恐怖袭击。,http://sputniknews.cn/images/102354/90/1023549017.jpg;http://sputniknews.cn/images/101388/94/1013889444.jpg,http://sputniknews.cn/politics/201709071023549138/,,,None,unknown,0,0,"dead:0, hurt:0"
398,2017-08-11 17:52,美国调查人员发现伊斯兰国通过eBay建立的全球金融网络,俄罗斯卫星通讯社莫斯科8月11日电 《华尔街日报》援引美国联邦调查局的书面报告报道称，该机构发现了“伊斯兰国”恐怖组织（在俄罗斯被禁）某个代表为首的世界金融网络，利用eBay虚假交易，向在美国有意成为恐怖分子的人非法转移资金。,俄罗斯卫星通讯社莫斯科8月11日电 《华尔街日报》援引美国联邦调查局的书面报告报道称，该机构发现了“伊斯兰国”恐怖组织（在俄罗斯被禁）某个代表为首的世界金融网络，利用eBay虚假交易，向在美国有意成为恐怖分子的人非法转移资金。,http://sputniknews.cn/images/102333/81/1023338191.jpg;http://sputniknews.cn/images/101495/52/1014955203.jpg,http://sputniknews.cn/military/201708111023338234/,,,None,unknown,0,0,"dead:0, hurt:0"
399,2017-11-01 20:01,伊朗外交部：德黑兰谴责美国纽约恐袭事件,俄罗斯卫星通讯社莫斯科11月1日电  伊朗外交部发表消息称，德黑兰谴责纽约发生的恐怖袭击，并对遇难者亲属表示慰问。,俄罗斯卫星通讯社莫斯科11月1日电  伊朗外交部发表消息称，德黑兰谴责纽约发生的恐怖袭击，并对遇难者亲属表示慰问。,http://sputniknews.cn/images/102394/21/1023942166.jpg;http://sputniknews.cn/images/102394/49/1023944980.jpg,http://sputniknews.cn/society/201711011023946551/,,,,unknown,0,0,"dead:0, hurt:0"
400,2017-08-18 22:11,媒体：在加泰罗尼亚实施恐袭的恐怖分子曾计划使用炸弹卡车发动袭击,俄罗斯卫星通讯社莫斯科8月18日电 西班牙 Periodico报援引接近调查的消息人士的话报道，在加泰罗尼亚实施了系列恐袭的恐怖分子最初计划使用炸弹卡车发动攻击，但其存有炸弹的仓库发生了爆炸。,俄罗斯卫星通讯社莫斯科8月18日电 西班牙 Periodico报援引接近调查的消息人士的话报道，在加泰罗尼亚实施了系列恐袭的恐怖分子最初计划使用炸弹卡车发动攻击，但其存有炸弹的仓库发生了爆炸。,http://sputniknews.cn/images/102339/72/1023397274.jpg;http://sputniknews.cn/images/102339/50/1023395090.jpg,http://sputniknews.cn/society/201708181023398575/,,,None,unknown,0,0,"dead:0, hurt:0"
401,2017-06-13 09:42,媒体：土检方查明俄大使卡尔洛夫遇害案疑似买凶者身份,俄罗斯卫星通讯社莫斯科6月13日电 土耳其《每日新闻》（Hurriet Daily News）援引当地媒体消息称，该国检方查明了俄大使卡尔洛夫遇害案5名疑似买凶者的身份。,俄罗斯卫星通讯社莫斯科6月13日电 土耳其《每日新闻》（Hurriet Daily News）援引当地媒体消息称，该国检方查明了俄大使卡尔洛夫遇害案5名疑似买凶者的身份。,http://sputniknews.cn/images/102165/05/1021650522.jpg;http://sputniknews.cn/images/102144/20/1021442065.jpg,http://sputniknews.cn/society/201706131022843571/,,,None,unknown,0,0,"dead:0, hurt:0"
402,2017-07-15 21:38,外媒：袭击游客的男子根据“伊斯兰国”指示行动,俄罗斯卫星通讯社莫斯科7月15日电  德国《图片报》援引开罗特工部门消息人士报道称，在埃及赫尔格达袭击游客的男子根据恐怖组织“伊斯兰国”（在俄被禁止）指示实施了攻击行动。,俄罗斯卫星通讯社莫斯科7月15日电  德国《图片报》援引开罗特工部门消息人士报道称，在埃及赫尔格达袭击游客的男子根据恐怖组织“伊斯兰国”（在俄被禁止）指示实施了攻击行动。,http://sputniknews.cn/images/102311/95/1023119586.jpg;http://sputniknews.cn/images/102312/07/1023120786.jpg,http://sputniknews.cn/society/201707151023123075/,,,None,unknown,0,0,"dead:0, hurt:0"
403,2017-09-18 12:00,媒体：伦敦地铁恐袭案嫌疑人或是叙伊难民,俄罗斯卫星通讯社莫斯科9月18日电 《每日电讯报》（Telegraph）报道称，伦敦地铁恐袭案被捕疑犯可能是来自伊拉克和叙利亚的难民。,俄罗斯卫星通讯社莫斯科9月18日电 《每日电讯报》（Telegraph）报道称，伦敦地铁恐袭案被捕疑犯可能是来自伊拉克和叙利亚的难民。,http://sputniknews.cn/images/102360/67/1023606723.jpg;http://sputniknews.cn/images/102361/61/1023616112.jpg,http://sputniknews.cn/society/201709181023619880/,,,None,unknown,0,0,"dead:0, hurt:0"
404,2017-08-18 14:47,媒体：加泰罗尼亚内政部证实两起在该地区发生的恐袭有关联,俄罗斯卫星通讯社莫斯科8月18日电 据美联社报道，加泰罗尼亚内政部证实，滨海城市坎布里尔斯发生的恐怖袭击与巴塞罗纳的类似事件相关。,俄罗斯卫星通讯社莫斯科8月18日电 据美联社报道，加泰罗尼亚内政部证实，滨海城市坎布里尔斯发生的恐怖袭击与巴塞罗纳的类似事件相关。,http://sputniknews.cn/images/102338/98/1023389865.jpg;http://sputniknews.cn/images/102338/93/1023389389.jpg,http://sputniknews.cn/politics/201708181023392309/,,,,unknown,0,0,"dead:0, hurt:0"
405,2018-03-03 02:44,布基纳法索宪兵：首都的反恐行动已经结束,俄罗斯卫星通讯社莫斯科3月2日电 布基纳法索国家宪兵发布消息称，该国首都瓦加杜古法国大使馆和总参谋部遭到袭击后，当局针对袭击者展开的反恐行动已结束。,俄罗斯卫星通讯社莫斯科3月2日电 布基纳法索国家宪兵发布消息称，该国首都瓦加杜古法国大使馆和总参谋部遭到袭击后，当局针对袭击者展开的反恐行动已结束。,http://sputniknews.cn/images/102483/25/1024832505.jpg;http://sputniknews.cn/images/102483/25/1024832506.jpg,http://sputniknews.cn/society/201803031024834652/,,,None,unknown,0,0,"dead:0, hurt:0"
406,2017-10-05 21:16,缅甸小姐瑞恩西因发表谴责罗兴亚武装言论被剥夺选美皇后头衔,据《独立报》（The Independent）报道，19岁的“缅甸小姐”瑞恩西（Shwe Eain Si）表示，在谴责穆斯林罗兴亚武装制造恐怖袭击和暴力后，她被剥夺了选美皇后的头衔。,据《独立报》（The Independent）报道，19岁的“缅甸小姐”瑞恩西（Shwe Eain Si）表示，在谴责穆斯林罗兴亚武装制造恐怖袭击和暴力后，她被剥夺了选美皇后的头衔。,http://sputniknews.cn/images/102374/36/1023743612.jpg;http://sputniknews.cn/images/102264/92/1022649282.jpg,http://sputniknews.cn/society/201710051023745296/,,,None,unknown,0,0,"dead:0, hurt:0"
407,2017-10-11 21:42,叙利亚大马士革发生多起爆炸 致9人死10余人伤,俄罗斯卫星通讯社大马士革10月11日电 叙利亚大马士革11日发生的3起爆炸共造成9人死亡，10多人受伤。,俄罗斯卫星通讯社大马士革10月11日电 叙利亚大马士革11日发生的3起爆炸共造成9人死亡，10多人受伤。,http://sputniknews.cn/images/102374/03/1023740345.jpg;http://sputniknews.cn/images/102297/12/1022971248.jpg,http://sputniknews.cn/politics/201710111023787152/,,,None,unknown,0,0,"dead:0, hurt:0"
408,2017-06-19 12:18,英国首相：伦敦清真寺旁的事件为潜在恐怖袭击,俄罗斯卫星通讯社伦敦6月19日电 据路透社报道，英国首相特蕾莎∙梅称，警方认为伦敦清真寺旁的事件为潜在恐怖袭击。,俄罗斯卫星通讯社伦敦6月19日电 据路透社报道，英国首相特蕾莎∙梅称，警方认为伦敦清真寺旁的事件为潜在恐怖袭击。,http://sputniknews.cn/images/102282/80/1022828062.jpg;http://sputniknews.cn/images/102289/10/1022891007.jpg,http://sputniknews.cn/society/201706191022891032/,,,None,unknown,0,0,"dead:0, hurt:0"
409,2017-10-02 18:57,拉斯维加斯枪击案遇难人数增至58人 受伤人数增至515人,拉斯维加斯警长隆巴多(Joseph Lombardo)在新闻发布会上说，拉斯维加斯枪击案遇难人数增至58人，受伤人数增至515人。,拉斯维加斯警长隆巴多(Joseph Lombardo)在新闻发布会上说，拉斯维加斯枪击案遇难人数增至58人，受伤人数增至515人。,http://sputniknews.cn/images/102371/97/1023719757.jpg;http://sputniknews.cn/images/102077/21/1020772118.jpg,http://sputniknews.cn/society/201710021023720357/,,,None,unknown,0,0,"dead:0, hurt:0"
410,2018-01-17 18:44,媒体：德国最新护卫舰未通过测试,据《华尔街日报》报道，德国海军斥资30亿欧元打造的最新护卫舰“巴登·符腾堡”号测试失败，回到造船厂改进。修正因设计失误导致的所有不足将花费数年时间。,据《华尔街日报》报道，德国海军斥资30亿欧元打造的最新护卫舰“巴登·符腾堡”号测试失败，回到造船厂改进。修正因设计失误导致的所有不足将花费数年时间。,http://sputniknews.cn/images/102449/95/1024499512.jpg;http://sputniknews.cn/images/102295/34/1022953482.jpg,http://sputniknews.cn/military/201801171024501198/,,,None,unknown,0,0,"dead:0, hurt:0"
411,2017-08-18 17:12,习近平就巴塞罗那恐袭事件向西班牙国王费利佩六世致慰问电,俄罗斯卫星通讯社北京8月18日电 中国国家主席习近平18日就西班牙巴塞罗那发生货车冲撞人群恐怖袭击事件向西班牙国王费利佩六世致慰问电。,俄罗斯卫星通讯社北京8月18日电 中国国家主席习近平18日就西班牙巴塞罗那发生货车冲撞人群恐怖袭击事件向西班牙国王费利佩六世致慰问电。,http://sputniknews.cn/images/102225/36/1022253657.jpg;http://sputniknews.cn/images/101562/49/1015624912.jpg,http://sputniknews.cn/politics/201708181023394584/,,,,unknown,0,0,"dead:0, hurt:0"
412,2017-08-02 17:06,媒体：巴黎和布鲁塞尔的恐怖分子获社会保障金资助,俄罗斯卫星通讯社布鲁塞尔8月2日电 比利时《自由比利时报》2日援引该国金融信息处理中心消息称，在巴黎和布鲁塞尔实施恐袭的恐怖组织成员，得到了社会同情阶层人士的经费支持，其中还包括社会保障金。,俄罗斯卫星通讯社布鲁塞尔8月2日电 比利时《自由比利时报》2日援引该国金融信息处理中心消息称，在巴黎和布鲁塞尔实施恐袭的恐怖组织成员，得到了社会同情阶层人士的经费支持，其中还包括社会保障金。,http://sputniknews.cn/images/101855/35/1018553578.jpg;http://sputniknews.cn/images/102116/60/1021166063.jpg,http://sputniknews.cn/society/201708021023263204/,,,None,unknown,0,0,"dead:0, hurt:0"
413,2017-09-07 23:47,媒体：“伊斯兰国”头目准备对西方发起新一轮袭击,俄罗斯卫星通讯社莫斯科9月7日电 据Telegraph报援引库尔德反恐力量（Counter Terrorism Group ）高级代表塔拉巴尼（Lahur Talabany）的话报道，“伊斯兰国”恐怖组织头目阿布·贝克尔·巴格达迪正在准备对英国以及其它欧洲国家进行新一轮的恐怖袭击，以为伊拉克和叙利亚战败的武装分子报仇。,俄罗斯卫星通讯社莫斯科9月7日电 据Telegraph报援引库尔德反恐力量（Counter Terrorism Group ）高级代表塔拉巴尼（Lahur Talabany）的话报道，“伊斯兰国”恐怖组织头目阿布·贝克尔·巴格达迪正在准备对英国以及其它欧洲国家进行新一轮的恐怖袭击，以为伊拉克和叙利亚战败的武装分子报仇。,http://sputniknews.cn/images/102278/63/1022786307.jpg;http://sputniknews.cn/images/102339/89/1023398987.jpg,http://sputniknews.cn/politics/201709071023550605/,,,None,unknown,0,0,"dead:0, hurt:0"
414,2017-08-17 23:52,媒体称，巴塞罗那汽车闯入人群事件后响起枪击声,当地媒体称，巴塞罗那汽车闯入人群事件后响起枪击声。,当地媒体称，巴塞罗那汽车闯入人群事件后响起枪击声。,http://sputniknews.cn/images/102338/80/1023388017.jpg;http://sputniknews.cn/images/102149/90/1021499079.jpg,http://sputniknews.cn/society/201708171023387981/,,,None,unknown,0,0,"dead:0, hurt:0"
415,2017-08-21 23:53,西班牙警方称恐袭案组织者可能在阿尔卡纳尔爆炸事件中死亡,俄罗斯卫星通讯社莫斯科8月21日电 西班牙加泰罗尼亚内务部顾问福恩（Joaquin Forn）在接受西班牙Catalunya Radio广播电台采访时表示，已经掌握足够证据，证明疑似巴塞罗那恐袭事件组织者的伊玛姆（清真寺教长）可能在阿尔卡纳尔爆炸事件中被炸死。,俄罗斯卫星通讯社莫斯科8月21日电 西班牙加泰罗尼亚内务部顾问福恩（Joaquin Forn）在接受西班牙Catalunya Radio广播电台采访时表示，已经掌握足够证据，证明疑似巴塞罗那恐袭事件组织者的伊玛姆（清真寺教长）可能在阿尔卡纳尔爆炸事件中被炸死。,http://sputniknews.cn/images/102341/47/1023414774.jpg;http://sputniknews.cn/images/102340/95/1023409536.jpg,http://sputniknews.cn/society/201708211023414814/,,,None,unknown,0,0,"dead:0, hurt:0"
416,2017-10-23 13:21,媒体：以色列警方因误译阿拉伯语“早上好”逮捕一名巴勒斯坦人,俄罗斯卫星通讯社特拉维夫10月23日电 以色列《国土报》报道称，该国警方因误译一名巴勒斯坦人在社交网站“脸书”上的“早上好”问候而将其逮捕。,俄罗斯卫星通讯社特拉维夫10月23日电 以色列《国土报》报道称，该国警方因误译一名巴勒斯坦人在社交网站“脸书”上的“早上好”问候而将其逮捕。,http://sputniknews.cn/images/101877/43/1018774371.jpg;http://sputniknews.cn/images/101511/20/1015112094.jpg,http://sputniknews.cn/society/201710231023868616/,,,None,unknown,0,0,"dead:0, hurt:0"
417,2017-08-14 17:45,布基纳法索部长称首都咖啡馆遇袭事件后强力人员开展的行动已经结束,俄罗斯卫星通讯社莫斯科8月14日电 西非国家布基纳法索的通信部长雷米·丹吉努（Remi Dandjinou）表示，该国首都瓦加杜咖啡馆遇袭后强力人员对武装分子开展的行动已经结束。,俄罗斯卫星通讯社莫斯科8月14日电 西非国家布基纳法索的通信部长雷米·丹吉努（Remi Dandjinou）表示，该国首都瓦加杜咖啡馆遇袭后强力人员对武装分子开展的行动已经结束。,http://sputniknews.cn/images/102335/29/1023352982.jpg;http://sputniknews.cn/images/102335/39/1023353991.jpg,http://sputniknews.cn/society/201708141023356355/,,,None,unknown,0,0,"dead:0, hurt:0"
418,2017-10-09 06:22,以坦克摧毁加沙一武装分子观察哨所作为对其袭击的回应,俄罗斯卫星通讯社特拉维夫10月9日电  据以军方称，以坦克摧毁了加沙地带巴勒斯坦武装分子的一个观察哨所，作为对其火箭袭击的回应。,俄罗斯卫星通讯社特拉维夫10月9日电  据以军方称，以坦克摧毁了加沙地带巴勒斯坦武装分子的一个观察哨所，作为对其火箭袭击的回应。,http://sputniknews.cn/images/102318/70/1023187015.jpg;http://sputniknews.cn/images/102361/75/1023617569.jpg,http://sputniknews.cn/military/201710091023765063/,,,None,unknown,0,0,"dead:0, hurt:0"
419,2017-11-11 23:21,俄专家：中国是平昌冬奥会安全的重要保障,2018年2月9-25日，冬奥会将在韩国平昌举行。朝鲜对本次奥运会的举行没有太大的威胁。同样，朝鲜黑客在此期间也不会有什么积极动作。然而，东奥运举行前和期间，西方国家、首先是美国，为己政治私利将积极炒作朝鲜威胁这一话题。美国联邦调查局、中情局和安全局许可的电脑软件，或将在冬奥会期间找到用场。,2018年2月9-25日，冬奥会将在韩国平昌举行。朝鲜对本次奥运会的举行没有太大的威胁。同样，朝鲜黑客在此期间也不会有什么积极动作。然而，东奥运举行前和期间，西方国家、首先是美国，为己政治私利将积极炒作朝鲜威胁这一话题。美国联邦调查局、中情局和安全局许可的电脑软件，或将在冬奥会期间找到用场。,http://sputniknews.cn/images/102401/76/1024017656.jpg;http://sputniknews.cn/images/102401/75/1024017565.jpg,http://sputniknews.cn/politics/201711111024026333/,,,None,unknown,0,0,"dead:0, hurt:0"
420,2017-06-27 14:55,以色列空军袭击加沙地带2处目标以回应炮击,俄罗斯卫星通讯社特拉维夫6月27日电 以色列军方发布消息称，为了回应26日晚间从加沙地带发射的火箭弹，以色列飞机袭击了巴勒斯坦武装分子阵地。,俄罗斯卫星通讯社特拉维夫6月27日电 以色列军方发布消息称，为了回应26日晚间从加沙地带发射的火箭弹，以色列飞机袭击了巴勒斯坦武装分子阵地。,http://sputniknews.cn/images/102027/87/1020278742.jpg;http://sputniknews.cn/images/102073/94/1020739453.jpg,http://sputniknews.cn/military/201706271022957624/,,,None,unknown,0,0,"dead:0, hurt:0"
421,2017-08-18 20:18,西班牙紧急服务部门：西班牙恐袭受害者来自34个国家和地区,俄罗斯卫星通讯社马德里8月18日电 加泰罗尼亚紧急服务部门表示，来自34个国家和地区的公民在巴塞罗那，坎布里尔斯恐袭事件中遇难或者受伤。,俄罗斯卫星通讯社马德里8月18日电 加泰罗尼亚紧急服务部门表示，来自34个国家和地区的公民在巴塞罗那，坎布里尔斯恐袭事件中遇难或者受伤。,http://sputniknews.cn/images/102339/60/1023396065.jpg;http://sputniknews.cn/images/102339/48/1023394865.jpg,http://sputniknews.cn/society/201708181023396088/,,,None,unknown,0,0,"dead:0, hurt:0"
422,2017-06-27 13:24,叙军开斋节期间加强阿勒颇附近检查站的警卫,俄罗斯卫星通讯社阿勒颇6月27日电 叙军和警察在开斋节（穆斯林斋月结束）期间加强了阿勒颇入口检查站的安全措施。,俄罗斯卫星通讯社阿勒颇6月27日电 叙军和警察在开斋节（穆斯林斋月结束）期间加强了阿勒颇入口检查站的安全措施。,http://sputniknews.cn/images/101731/34/1017313468.jpg;http://sputniknews.cn/images/102266/19/1022661969.jpg,http://sputniknews.cn/military/201706271022956891/,,,None,unknown,0,0,"dead:0, hurt:0"
423,2017-08-18 18:30,媒体：巴塞罗那恐袭案主要嫌疑人系17岁摩洛哥裔男子,俄罗斯卫星通讯社马德里8月18日电 西班牙《世界报》（El Mundo）报道，巴塞罗那恐袭案主要嫌疑人系17岁的穆斯•乌卡比尔。,俄罗斯卫星通讯社马德里8月18日电 西班牙《世界报》（El Mundo）报道，巴塞罗那恐袭案主要嫌疑人系17岁的穆斯•乌卡比尔。,http://sputniknews.cn/images/102339/27/1023392788.jpg;http://sputniknews.cn/images/102339/46/1023394631.jpg,http://sputniknews.cn/politics/201708181023395195/,,,None,unknown,0,0,"dead:0, hurt:0"
424,2017-11-28 16:42,埃及西奈半岛北部清真寺遇袭幸存者向俄卫星通讯社讲述自己的得救经历,恐怖分子在11月24日袭击了埃及西奈半岛北部的阿里什一清真寺，他们事先安装了爆炸设备，并用自动武器向人群扫射。最新资料显示，这次袭击已造成至少305人死亡，130人受伤。俄罗斯卫星通讯社记者与目击者们进行了交谈。,恐怖分子在11月24日袭击了埃及西奈半岛北部的阿里什一清真寺，他们事先安装了爆炸设备，并用自动武器向人群扫射。最新资料显示，这次袭击已造成至少305人死亡，130人受伤。俄罗斯卫星通讯社记者与目击者们进行了交谈。,http://sputniknews.cn/images/102413/08/1024130809.jpg;http://sputniknews.cn/images/102413/29/1024132937.jpg,http://sputniknews.cn/society/201711281024149568/,,,None,unknown,0,0,"dead:0, hurt:0"
425,2017-06-22 19:06,比利时安特卫普市政府查出超过550名伊斯兰激进分子,俄罗斯卫星通讯社布鲁塞尔6月22日电 比利时第二大城市安特卫普市长巴尔特·德韦弗表示，该市政府正对600名受激进主义影响且可能准备实施袭击行动的分子进行监控。,俄罗斯卫星通讯社布鲁塞尔6月22日电 比利时第二大城市安特卫普市长巴尔特·德韦弗表示，该市政府正对600名受激进主义影响且可能准备实施袭击行动的分子进行监控。,http://sputniknews.cn/images/102292/44/1022924461.jpg;http://sputniknews.cn/images/102292/41/1022924181.jpg,http://sputniknews.cn/politics/201706221022924541/,,,None,unknown,0,0,"dead:0, hurt:0"
426,2018-02-08 21:28,俄国防部：叙民兵遭美空袭时正开展打击IS分支行动,俄罗斯卫星通讯社莫斯科2月8日电 俄罗斯国防部消息称，叙利亚民兵在遭到美国空军袭击时正在开展打击恐怖组织“伊斯兰国”分支的行动。,俄罗斯卫星通讯社莫斯科2月8日电 俄罗斯国防部消息称，叙利亚民兵在遭到美国空军袭击时正在开展打击恐怖组织“伊斯兰国”分支的行动。,http://sputniknews.cn/images/102467/01/1024670184.jpg;http://sputniknews.cn/images/102389/98/1023899876.jpg,http://sputniknews.cn/military/201802081024670202/,,,None,unknown,0,0,"dead:0, hurt:0"
427,2017-06-15 15:09,武装分子袭击索马里首都一酒店 死亡人数升至18人,俄罗斯卫星通讯社莫斯科6月15日电 据法新社援引当地政府的话报道称，武装分子对索马里首都摩加迪沙一酒店的袭击所造成的死亡人数升至18人。此前报道有14人死亡。,俄罗斯卫星通讯社莫斯科6月15日电 据法新社援引当地政府的话报道称，武装分子对索马里首都摩加迪沙一酒店的袭击所造成的死亡人数升至18人。此前报道有14人死亡。,http://sputniknews.cn/images/101984/94/1019849423.jpg;http://sputniknews.cn/images/102062/46/1020624604.jpg,http://sputniknews.cn/military/201706151022865633/,,,None,unknown,0,0,"dead:0, hurt:0"
428,2017-11-01 09:19,特朗普承诺为纽约警方调查恐袭提供全面支持,俄罗斯卫星通讯社华盛顿11月1日电 美国总统特朗普发表声明称，承诺为纽约警方调查恐袭事件提供全面支持。,俄罗斯卫星通讯社华盛顿11月1日电 美国总统特朗普发表声明称，承诺为纽约警方调查恐袭事件提供全面支持。,http://sputniknews.cn/images/102393/66/1023936690.jpg;http://sputniknews.cn/images/102393/64/1023936418.jpg,http://sputniknews.cn/society/201711011023936708/,,,None,unknown,0,0,"dead:0, hurt:0"
429,2018-03-13 02:03,美国称或就叙境内化武事件对叙当局采取新行动,俄罗斯卫星通讯社联合国3月12日电 美国常驻联合国代表妮基·黑莉表示，美国在必要情况下或就叙利亚境内的化武袭击采取新的行动。,俄罗斯卫星通讯社联合国3月12日电 美国常驻联合国代表妮基·黑莉表示，美国在必要情况下或就叙利亚境内的化武袭击采取新的行动。,http://sputniknews.cn/images/102442/21/1024422103.jpg;http://sputniknews.cn/images/102463/99/1024639907.jpg,http://sputniknews.cn/military/201803131024892578/,,,None,unknown,0,0,"dead:0, hurt:0"
430,2017-08-10 17:22,媒体：比利时黑市武器价格因恐袭上涨2倍,俄罗斯卫星通讯社布鲁塞尔8月10日电 《自由比利时报》（La Libre Belgique）援引佛兰德和平研究所（Flemish Peace Institute）的研究数据报道，在2015年和2016年的布鲁塞尔和巴黎恐怖袭击之后，比利时黑市上的武器价格暴涨了1-2倍。,俄罗斯卫星通讯社布鲁塞尔8月10日电 《自由比利时报》（La Libre Belgique）援引佛兰德和平研究所（Flemish Peace Institute）的研究数据报道，在2015年和2016年的布鲁塞尔和巴黎恐怖袭击之后，比利时黑市上的武器价格暴涨了1-2倍。,http://sputniknews.cn/images/102333/03/1023330369.jpg;http://sputniknews.cn/images/102290/79/1022907939.jpg,http://sputniknews.cn/military/201708101023330406/,,,None,unknown,0,0,"dead:0, hurt:0"
431,2017-11-25 19:50,中哈首脑就埃及清真寺爆炸向该国总统表示慰问,俄罗斯卫星通讯社北京／阿斯塔纳11月25日电 据新华社报道，中国国家主席习近平向埃及总统塞西致慰问电，就埃及北西奈省一清真寺发生造成235人死亡的恐怖袭击表示沉痛哀悼，对这次恐怖袭击予以强烈谴责。,俄罗斯卫星通讯社北京／阿斯塔纳11月25日电 据新华社报道，中国国家主席习近平向埃及总统塞西致慰问电，就埃及北西奈省一清真寺发生造成235人死亡的恐怖袭击表示沉痛哀悼，对这次恐怖袭击予以强烈谴责。,http://sputniknews.cn/images/102282/62/1022826247.jpg;http://sputniknews.cn/images/102413/08/1024130810.jpg,http://sputniknews.cn/politics/201711251024132848/,,,,unknown,0,0,"dead:0, hurt:0"
432,2018-01-09 20:39,俄专家：无人机袭击赫梅米姆和塔尔图斯成为国际恐怖主义史的新篇章,俄罗斯卫星通讯社莫斯科1月9日电 俄罗斯军事专家、《国防》杂志主编伊戈尔·科罗特琴科向俄罗斯卫星通讯社表示，无人机袭击俄罗斯在叙利亚赫梅米姆空军基地和塔尔图斯补给站成为国际恐怖主义历史的新篇章。,俄罗斯卫星通讯社莫斯科1月9日电 俄罗斯军事专家、《国防》杂志主编伊戈尔·科罗特琴科向俄罗斯卫星通讯社表示，无人机袭击俄罗斯在叙利亚赫梅米姆空军基地和塔尔图斯补给站成为国际恐怖主义历史的新篇章。,http://sputniknews.cn/images/102444/34/1024443497.jpg;http://sputniknews.cn/images/102363/93/1023639333.jpg,http://sputniknews.cn/military/201801091024443538/,,,None,unknown,0,0,"dead:0, hurt:0"
433,2017-08-18 16:21,西班牙加泰罗尼亚政府：被击毙恐怖分子的自杀式爆炸腰带是假的,俄罗斯卫星通讯社莫斯科8月18日电 据24 Horas电视台援引加泰罗尼亚自治区内政部顾问报道，在加泰罗尼亚度假城市坎布里尔斯市被警方击毙的恐怖分子的自杀式爆炸腰带原来是假的。,俄罗斯卫星通讯社莫斯科8月18日电 据24 Horas电视台援引加泰罗尼亚自治区内政部顾问报道，在加泰罗尼亚度假城市坎布里尔斯市被警方击毙的恐怖分子的自杀式爆炸腰带原来是假的。,http://sputniknews.cn/images/102338/82/1023388243.jpg;http://sputniknews.cn/images/102339/27/1023392789.jpg,http://sputniknews.cn/politics/201708181023394004/,,,None,unknown,0,0,"dead:0, hurt:0"
434,2018-02-11 20:36,媒体：印度北部军营遭袭后 军方消灭三名恐怖分子,俄罗斯卫星通讯社莫斯科2月11日电 印度新德里电视台(NDTV)援引军方声明报道，印度军方消灭三名“穆罕默德军”组织恐怖分子，该组织袭击了位于印度北部查谟-克什米尔邦的军营。,俄罗斯卫星通讯社莫斯科2月11日电 印度新德里电视台(NDTV)援引军方声明报道，印度军方消灭三名“穆罕默德军”组织恐怖分子，该组织袭击了位于印度北部查谟-克什米尔邦的军营。,http://sputniknews.cn/images/102356/09/1023560905.jpg;http://sputniknews.cn/images/102188/02/1021880284.jpg,http://sputniknews.cn/military/201802111024689617/,,,None,unknown,0,0,"dead:0, hurt:0"
435,2018-01-12 22:18,俄国防部：俄特种部队歼灭此前攻击赫梅米姆基地的破坏小组 （视频）,俄罗斯卫星通讯社莫斯科1月12日电 据俄罗斯国防部消息，俄特种部队在叙利亚歼灭了12月31日对赫梅米姆空军基地发动攻击的破坏小组。,俄罗斯卫星通讯社莫斯科1月12日电 据俄罗斯国防部消息，俄特种部队在叙利亚歼灭了12月31日对赫梅米姆空军基地发动攻击的破坏小组。,http://sputniknews.cn/images/101987/44/1019874455.jpg,http://sputniknews.cn/russia/201801121024470203/,,,None,unknown,0,0,"dead:0, hurt:0"
436,2017-07-11 23:24,俄印合作是欧亚空间安全的保障,俄罗斯卫星通讯社莫斯科7月11日电 俄罗斯杜马议员多罗欣表示，俄印共同努力和发展双边关系是整个欧亚空间国际安全的保障，俄罗斯一心一意的打击恐怖主义。,俄罗斯卫星通讯社莫斯科7月11日电 俄罗斯杜马议员多罗欣表示，俄印共同努力和发展双边关系是整个欧亚空间国际安全的保障，俄罗斯一心一意的打击恐怖主义。,http://sputniknews.cn/images/102136/19/1021361904.jpg;http://sputniknews.cn/images/102148/27/1021482774.jpg,http://sputniknews.cn/politics/201707111023086150/,,,None,unknown,0,0,"dead:0, hurt:0"
437,2017-08-19 21:00,西班牙内政部称正在调查恐怖分子是否与邻国有联系,俄罗斯卫星通讯社马德里8月19日电 西班牙内政大臣胡安•伊格纳西奥•索伊多根据强力部门领导层评估恐怖威胁水平的会议结果表示，西班牙政府一直与邻国保持联系，以查清恐怖分子是否与国外有联系。,俄罗斯卫星通讯社马德里8月19日电 西班牙内政大臣胡安•伊格纳西奥•索伊多根据强力部门领导层评估恐怖威胁水平的会议结果表示，西班牙政府一直与邻国保持联系，以查清恐怖分子是否与国外有联系。,http://sputniknews.cn/images/102340/21/1023402136.jpg;http://sputniknews.cn/images/102340/19/1023401944.jpg,http://sputniknews.cn/society/201708191023402163/,,,None,unknown,0,0,"dead:0, hurt:0"
438,2017-11-10 21:10,土总参谋部称在伊北部消灭69名库尔德工人党成员,俄罗斯卫星通讯社莫斯科11月10日电 土耳其总参谋部11月10日发表声明称，该国空军11月3日在伊拉克北部开展的空中行动消灭了69名在土被禁止的库尔德工人党成员。,俄罗斯卫星通讯社莫斯科11月10日电 土耳其总参谋部11月10日发表声明称，该国空军11月3日在伊拉克北部开展的空中行动消灭了69名在土被禁止的库尔德工人党成员。,http://sputniknews.cn/images/102381/74/1023817433.jpg;http://sputniknews.cn/images/102281/25/1022812573.jpg,http://sputniknews.cn/military/201711101024021111/,,,None,unknown,0,0,"dead:0, hurt:0"
439,2017-06-29 21:03,专家分析IS还会存活多久,“伊斯兰国”恐怖组织（IS，在俄被禁组织）将活不过一年，因为其收入在急剧减少，而且控制范围在迅速缩小。国际专家组织IHS Markit下设冲突监督（Conflict Monitor）分析小组的报告称，IS宣布建立所谓“哈里发国”之后的三年里共失去了60%的控制区和80%的收入。,“伊斯兰国”恐怖组织（IS，在俄被禁组织）将活不过一年，因为其收入在急剧减少，而且控制范围在迅速缩小。国际专家组织IHS Markit下设冲突监督（Conflict Monitor）分析小组的报告称，IS宣布建立所谓“哈里发国”之后的三年里共失去了60%的控制区和80%的收入。,http://sputniknews.cn/images/101890/08/1018900883.jpg;http://sputniknews.cn/images/101856/93/1018569309.jpg,http://sputniknews.cn/military/201706291022981472/,,,None,unknown,0,0,"dead:0, hurt:0"
440,2017-08-18 19:31,媒体：一名澳大利亚7岁儿童在巴塞罗那恐袭期间失踪,俄罗斯卫星通讯社莫斯科8月18日电 据卫报（Guardian）报道，一名7岁的澳大利亚儿童朱利安·卡德曼在西班牙巴塞罗那恐袭发生后失踪。,俄罗斯卫星通讯社莫斯科8月18日电 据卫报（Guardian）报道，一名7岁的澳大利亚儿童朱利安·卡德曼在西班牙巴塞罗那恐袭发生后失踪。,http://sputniknews.cn/images/102339/46/1023394630.jpg;http://sputniknews.cn/images/102339/27/1023392789.jpg,http://sputniknews.cn/society/201708181023395251/,,,None,unknown,0,0,"dead:0, hurt:0"
441,2017-08-02 22:11,俄外交部：俄驻大马士革使馆8月2日遭迫击炮袭击,俄罗斯卫星通讯社莫斯科8月2日电 俄罗斯外交部在网站发布消息称，8月2日发生使用迫击炮袭击俄罗斯驻叙利亚使馆事件，莫斯科对此表示强烈谴责。,俄罗斯卫星通讯社莫斯科8月2日电 俄罗斯外交部在网站发布消息称，8月2日发生使用迫击炮袭击俄罗斯驻叙利亚使馆事件，莫斯科对此表示强烈谴责。,http://sputniknews.cn/images/102168/34/1021683474.jpg;http://sputniknews.cn/images/102296/62/1022966289.jpg,http://sputniknews.cn/military/201708021023266056/,,,,unknown,0,0,"dead:0, hurt:0"
442,2017-06-27 23:54,慕尼黑会议主办者呼吁俄美总统在汉堡会面,俄罗斯卫星通讯社莫斯科6月27日电 慕尼黑安全会议主办者呼吁俄罗斯总统普京和美国总统特朗普在汉堡会面，以强调在拥有极其重要的共同利益领域合作的可能性。,俄罗斯卫星通讯社莫斯科6月27日电 慕尼黑安全会议主办者呼吁俄罗斯总统普京和美国总统特朗普在汉堡会面，以强调在拥有极其重要的共同利益领域合作的可能性。,http://sputniknews.cn/images/101719/09/1017190931.jpg;http://sputniknews.cn/images/102251/54/1022515481.jpg,http://sputniknews.cn/politics/201706271022962133/,,,None,unknown,0,0,"dead:0, hurt:0"
443,2018-01-27 18:18,俄驻阿富汗使馆：喀布尔爆炸造成10人丧生 尚无俄公民伤亡消息,俄罗斯卫星通讯社莫斯科1月27日电 俄罗斯驻喀布尔使馆向卫星通讯社表示，共有10人在阿富汗首都发生的爆炸中丧生，尚为收到有关俄公民伤亡的消息。,俄罗斯卫星通讯社莫斯科1月27日电 俄罗斯驻喀布尔使馆向卫星通讯社表示，共有10人在阿富汗首都发生的爆炸中丧生，尚为收到有关俄公民伤亡的消息。,http://sputniknews.cn/images/101905/86/1019058636.jpg;http://sputniknews.cn/images/102118/04/1021180459.jpg,http://sputniknews.cn/politics/201801271024575935/,,,None,unknown,0,0,"dead:0, hurt:0"
444,2018-01-21 20:08,媒体：塔利班宣布对袭击喀布尔酒店事件负责,俄罗斯卫星通讯社莫斯科1月21日电 据1TV电视台援引军人的消息报道，激进运动塔利班宣布对武装份子袭击喀布尔洲际酒店（Intercontinental Hotel）事件负责，已经击败对该酒店的袭击。,俄罗斯卫星通讯社莫斯科1月21日电 据1TV电视台援引军人的消息报道，激进运动塔利班宣布对武装份子袭击喀布尔洲际酒店（Intercontinental Hotel）事件负责，已经击败对该酒店的袭击。,http://sputniknews.cn/images/102452/79/1024527905.jpg;http://sputniknews.cn/images/102452/65/1024526545.jpg,http://sputniknews.cn/military/201801211024527933/,,,None,unknown,0,0,"dead:0, hurt:0"
445,2017-09-22 17:57,伦敦警方近几个月阻止6起恐袭,俄罗斯卫星通讯社莫斯科9月22日电 伦敦警察局局长克雷茜达·迪克在LBC广播电台直播中称，伦敦警方近几个月阻止了6次恐怖袭击。,俄罗斯卫星通讯社莫斯科9月22日电 伦敦警察局局长克雷茜达·迪克在LBC广播电台直播中称，伦敦警方近几个月阻止了6次恐怖袭击。,http://sputniknews.cn/images/102360/63/1023606324.jpg;http://sputniknews.cn/images/102365/21/1023652141.jpg,http://sputniknews.cn/society/201709221023657118/,,,None,unknown,0,0,"dead:0, hurt:0"
446,2018-01-22 08:51,法国监狱一囚犯袭击致两名看守受伤,俄罗斯卫星通讯社莫斯科1月22日电 法国加来海峡省一名囚犯实施袭击，造成两名监狱看守受伤。,俄罗斯卫星通讯社莫斯科1月22日电 法国加来海峡省一名囚犯实施袭击，造成两名监狱看守受伤。,http://sputniknews.cn/images/102076/13/1020761330.jpg;http://sputniknews.cn/images/102345/50/1023455095.jpg,http://sputniknews.cn/society/201801221024529500/,,,None,unknown,0,0,"dead:0, hurt:0"
447,2017-09-08 17:15,俄空天军在叙代尔祖尔郊区歼灭多名“伊斯兰国”知名高级头目,俄罗斯卫星通讯社莫斯科9月8日电 据俄罗斯国防部消息，俄空天军对叙代尔祖尔郊区恐怖分子召开指挥官会议的指挥所实施的空袭中，4名“伊斯兰国”高级头目被歼灭。,俄罗斯卫星通讯社莫斯科9月8日电 据俄罗斯国防部消息，俄空天军对叙代尔祖尔郊区恐怖分子召开指挥官会议的指挥所实施的空袭中，4名“伊斯兰国”高级头目被歼灭。,http://sputniknews.cn/images/102334/74/1023347469.jpg;http://sputniknews.cn/images/101947/31/1019473122.jpg,http://sputniknews.cn/military/201709081023555034/,,,None,unknown,0,0,"dead:0, hurt:0"
448,2017-12-29 22:18,"中国和东南亚国家选出年度汉字：中国""享""台湾""茫""","中国大陆、台湾、马来西亚和新加坡纷纷选出了年度汉字：中国选择了""享""字，台湾选择了""茫""字，马来西亚选择了""路""字，新加坡选择了""恐""字。为什么除汉字外民族和文化传统也相似的邻国眼中的世界如此不同？著名俄罗斯汉学家与卫星通讯社聊了聊这个话题。","中国大陆、台湾、马来西亚和新加坡纷纷选出了年度汉字：中国选择了""享""字，台湾选择了""茫""字，马来西亚选择了""路""字，新加坡选择了""恐""字。为什么除汉字外民族和文化传统也相似的邻国眼中的世界如此不同？著名俄罗斯汉学家与卫星通讯社聊了聊这个话题。",http://sputniknews.cn/images/102430/92/1024309223.jpg;http://sputniknews.cn/images/102426/21/1024262104.jpg,http://sputniknews.cn/opinion/201712291024389963/,,,None,unknown,0,0,"dead:0, hurt:0"
449,2017-11-20 19:02,俄外长：叙化武联合调查机制使用不时与恐怖分子有联系的组织数据,俄罗斯卫星通讯社巴库11月20日电 俄外长谢尔盖∙拉夫罗夫表示，禁止化学武器组织与联合国叙利亚境内化武使用情况联合调查机制的行为令人不齿，该机制使用了不时与恐怖分子有联系的非政府组织数据。,俄罗斯卫星通讯社巴库11月20日电 俄外长谢尔盖∙拉夫罗夫表示，禁止化学武器组织与联合国叙利亚境内化武使用情况联合调查机制的行为令人不齿，该机制使用了不时与恐怖分子有联系的非政府组织数据。,http://sputniknews.cn/images/102403/69/1024036941.jpg;http://sputniknews.cn/images/102404/67/1024046782.jpg,http://sputniknews.cn/politics/201711201024090574/,,,None,unknown,0,0,"dead:0, hurt:0"
450,2017-07-26 10:00,俄常驻联合国代表团：俄驻大马士革使馆受炮轰的声明在安理会受阻,俄罗斯卫星通讯社华盛顿7月26日电 据俄常驻联合国代表团新闻稿称，俄驻大马士革使馆受炮轰的声明在安理会受阻。,俄罗斯卫星通讯社华盛顿7月26日电 据俄常驻联合国代表团新闻稿称，俄驻大马士革使馆受炮轰的声明在安理会受阻。,http://sputniknews.cn/images/102308/64/1023086497.jpg;http://sputniknews.cn/images/102168/83/1021688362.jpg,http://sputniknews.cn/politics/201707261023206418/,,,None,unknown,0,0,"dead:0, hurt:0"
451,2017-12-29 06:01,俄议员：美国不参与武装分子恐无法袭击俄空军基地,俄罗斯卫星通讯社莫斯科电 俄罗斯联邦委员会国防与安全委员会第一副主席克林采维奇表示，没有美国参与的话，武装分子恐怕无法袭击俄罗斯驻叙利亚赫梅米姆空军基地。,俄罗斯卫星通讯社莫斯科电 俄罗斯联邦委员会国防与安全委员会第一副主席克林采维奇表示，没有美国参与的话，武装分子恐怕无法袭击俄罗斯驻叙利亚赫梅米姆空军基地。,http://sputniknews.cn/images/102438/28/1024382843.jpg;http://sputniknews.cn/images/102428/22/1024282211.jpg,http://sputniknews.cn/military/201712291024382863/,,,None,unknown,0,0,"dead:0, hurt:0"
452,2018-02-24 14:29,尼日利亚110多名女学生遭绑架,俄罗斯卫星通讯社莫斯科2月24日电 据尼日利亚媒体PM News援引警方的消息报道，恐怖组织“博科圣地”的武装分子在尼日利亚约贝州绑架了111名女学生。,俄罗斯卫星通讯社莫斯科2月24日电 据尼日利亚媒体PM News援引警方的消息报道，恐怖组织“博科圣地”的武装分子在尼日利亚约贝州绑架了111名女学生。,http://sputniknews.cn/images/102478/30/1024783023.jpg;http://sputniknews.cn/images/102450/48/1024504820.jpg,http://sputniknews.cn/military/201802241024783077/,,,None,unknown,0,0,"dead:0, hurt:0"
453,2017-07-25 13:49,俄侦委主席呼吁加强俄境内移民监管,俄罗斯侦查委员会主席亚历山大•巴斯特雷金支持强化对俄境内移民的监管。,俄罗斯侦查委员会主席亚历山大•巴斯特雷金支持强化对俄境内移民的监管。,http://sputniknews.cn/images/101888/67/1018886757.jpg;http://sputniknews.cn/images/101354/86/1013548633.jpg,http://sputniknews.cn/society/201707251023199278/,,,None,unknown,0,0,"dead:0, hurt:0"
454,2017-12-18 18:32,美政府：美俄关系近几个月来有所改善,俄罗斯卫星通讯社华盛顿12月18日电 美国政府一名高级代表12月17日向记者表示，美俄关系近几个月来有所改善，美国总统特朗普正在寻求与俄罗斯的契合点。,俄罗斯卫星通讯社华盛顿12月18日电 美国政府一名高级代表12月17日向记者表示，美俄关系近几个月来有所改善，美国总统特朗普正在寻求与俄罗斯的契合点。,http://sputniknews.cn/images/102341/09/1023410945.jpg;http://sputniknews.cn/images/102427/19/1024271988.jpg,http://sputniknews.cn/politics/201712181024307090/,,,None,unknown,0,0,"dead:0, hurt:0"
455,2017-08-18 20:55,媒体：墨尔本一女子三次经历恐怖袭击,据墨尔本女子朱莉娅·摩纳可讲述，巴塞罗那汽车冲撞行人群事件是她一生当中经历的第三次恐怖袭击事件。,据墨尔本女子朱莉娅·摩纳可讲述，巴塞罗那汽车冲撞行人群事件是她一生当中经历的第三次恐怖袭击事件。,http://sputniknews.cn/images/102339/67/1023396746.jpg;http://sputniknews.cn/images/102339/50/1023395090.jpg,http://sputniknews.cn/politics/201708181023396706/,,,None,unknown,0,0,"dead:0, hurt:0"
456,2017-09-02 15:04,尼日利亚“博科圣地”武装分子发动的袭击致约20人死亡,俄罗斯卫星通讯社莫斯科9月2日电  据路透社报道，尼日利亚东北部激进伊斯兰恐怖组织“博科圣地”发动的武装袭击致至少18人死亡。,俄罗斯卫星通讯社莫斯科9月2日电  据路透社报道，尼日利亚东北部激进伊斯兰恐怖组织“博科圣地”发动的武装袭击致至少18人死亡。,http://sputniknews.cn/images/101348/81/1013488182.jpg;http://sputniknews.cn/images/102032/98/1020329884.jpg,http://sputniknews.cn/politics/201709021023502181/,,,None,unknown,0,0,"dead:0, hurt:0"
457,2017-08-24 20:45,民调：俄罗斯人认为法国发生恐袭几率高于叙利亚,俄罗斯卫星通讯社莫斯科8月24日电 根据“社会舆论”基金发布的民意调查结果，俄罗斯人认为，法国发生恐袭的几率比叙利亚还高。,俄罗斯卫星通讯社莫斯科8月24日电 根据“社会舆论”基金发布的民意调查结果，俄罗斯人认为，法国发生恐袭的几率比叙利亚还高。,http://sputniknews.cn/images/102343/70/1023437038.jpg;http://sputniknews.cn/images/102339/50/1023395090.jpg,http://sputniknews.cn/politics/201708241023436979/,,,None,unknown,0,0,"dead:0, hurt:0"
458,2017-08-18 12:36,巴塞罗那撞警汽车中死者被不明人士用刀刺死,俄罗斯卫星通讯社莫斯科8月18日电 西班牙《先锋报》（Vanguardia）报道称，在巴塞罗那对角线大街附近冲撞警察的汽车中的死者坐在乘客座位上，而且他并非被强力人员射杀，而是被不明人士用刀刺死。,俄罗斯卫星通讯社莫斯科8月18日电 西班牙《先锋报》（Vanguardia）报道称，在巴塞罗那对角线大街附近冲撞警察的汽车中的死者坐在乘客座位上，而且他并非被强力人员射杀，而是被不明人士用刀刺死。,http://sputniknews.cn/images/102338/93/1023389388.jpg;http://sputniknews.cn/images/102338/98/1023389851.jpg,http://sputniknews.cn/society/201708181023391622/,,,None,unknown,0,0,"dead:0, hurt:0"
459,2017-06-30 13:12,禁止化学武器组织特派团证实叙境内曾有人使用化武,路透社援引记者掌握的报告复印件称，禁止化学武器组织叙利亚化武问题特派团证实，4月初有人在叙利亚境内使用了违禁的沙林毒气。,路透社援引记者掌握的报告复印件称，禁止化学武器组织叙利亚化武问题特派团证实，4月初有人在叙利亚境内使用了违禁的沙林毒气。,http://sputniknews.cn/images/102226/73/1022267371.jpg;http://sputniknews.cn/images/102240/44/1022404499.jpg,http://sputniknews.cn/society/201706301022986776/,,,None,unknown,0,0,"dead:0, hurt:0"
460,2017-07-13 19:43,俄外交部：美掌握叙使用化武证据的声明空口无凭,俄罗斯卫星通讯社莫斯科7月13日电 俄罗斯外交部防扩散和军控问题司司长米哈伊尔·乌里扬诺夫表示，莫斯科认为，美国有关掌握叙利亚在汉谢洪镇使用化学武器“重要证据”的声明是空口无凭且不可信的指控。,俄罗斯卫星通讯社莫斯科7月13日电 俄罗斯外交部防扩散和军控问题司司长米哈伊尔·乌里扬诺夫表示，莫斯科认为，美国有关掌握叙利亚在汉谢洪镇使用化学武器“重要证据”的声明是空口无凭且不可信的指控。,http://sputniknews.cn/images/101803/53/1018035353.jpg;http://sputniknews.cn/images/102251/74/1022517428.jpg,http://sputniknews.cn/military/201707131023105976/,,,None,unknown,0,0,"dead:0, hurt:0"
461,2017-06-27 19:19,克宫不知道美国有关叙新一轮化武攻击威胁声明的根据,俄罗斯卫星通讯社莫斯科6月27日电 俄罗斯总统新闻秘书佩斯科夫向记者表示，克里姆林宫已经获悉白宫关于叙利亚境内新化学武器威胁的声明，但不知道其根据何在。,俄罗斯卫星通讯社莫斯科6月27日电 俄罗斯总统新闻秘书佩斯科夫向记者表示，克里姆林宫已经获悉白宫关于叙利亚境内新化学武器威胁的声明，但不知道其根据何在。,http://sputniknews.cn/images/102281/04/1022810443.jpg;http://sputniknews.cn/images/101886/28/1018862892.jpg,http://sputniknews.cn/russia/201706271022959837/,,,None,unknown,0,0,"dead:0, hurt:0"
462,2017-07-12 06:53,俄使馆：土耳其报纸称赞恐怖分子令人遗憾,俄罗斯卫星通讯社莫斯科电 俄罗斯驻土耳其大使馆新闻秘书亚历山大·列舒科夫表示，对于土耳其亲政府报纸《新瓦基特报》(Yeni Akit）称赞车臣头号恐怖分子沙米利·巴萨耶夫，俄使馆表示遗憾。,俄罗斯卫星通讯社莫斯科电 俄罗斯驻土耳其大使馆新闻秘书亚历山大·列舒科夫表示，对于土耳其亲政府报纸《新瓦基特报》(Yeni Akit）称赞车臣头号恐怖分子沙米利·巴萨耶夫，俄使馆表示遗憾。,http://sputniknews.cn/images/102308/78/1023087887.jpg;http://sputniknews.cn/images/101400/05/1014000586.jpg,http://sputniknews.cn/society/201707121023087927/,,,None,unknown,0,0,"dead:0, hurt:0"
463,2018-02-22 19:53,塔利班袭击阿富汗一处检查站导致8名警察身亡,俄罗斯卫星通讯社莫斯科2月22日电 塔利班武装分子在阿富汗中部加兹尼省袭击了一处检查站，造成8名警察丧生，另有3人受伤。,俄罗斯卫星通讯社莫斯科2月22日电 塔利班武装分子在阿富汗中部加兹尼省袭击了一处检查站，造成8名警察丧生，另有3人受伤。,http://sputniknews.cn/images/102440/80/1024408003.jpg;http://sputniknews.cn/images/102458/30/1024583015.jpg,http://sputniknews.cn/military/201802221024771915/,,,None,unknown,0,0,"dead:0, hurt:0"
464,2018-01-08 23:20,俄国防部：叙境内恐怖分子用无人机能够进行远程攻击,俄罗斯卫星通讯社莫斯科1月8日电 俄罗斯国防部发布消息称，对叙利亚境内截获的无人机进行技术分析结果显示，恐怖分子能够在100公里左右距离发动远程攻击。,俄罗斯卫星通讯社莫斯科1月8日电 俄罗斯国防部发布消息称，对叙利亚境内截获的无人机进行技术分析结果显示，恐怖分子能够在100公里左右距离发动远程攻击。,http://sputniknews.cn/images/101654/36/1016543633.jpg;http://sputniknews.cn/images/102364/32/1023643288.jpg,http://sputniknews.cn/military/201801081024436013/,,,None,unknown,0,0,"dead:0, hurt:0"
465,2017-09-18 07:06,英国首相：正同网络公司讨论反恐问题,俄罗斯卫星通讯社华盛顿电 英国首相特雷莎·梅9月17日表示，英国正在同顶级网络公司讨论反恐问题。,俄罗斯卫星通讯社华盛顿电 英国首相特雷莎·梅9月17日表示，英国正在同顶级网络公司讨论反恐问题。,http://sputniknews.cn/images/102066/75/1020667582.jpg;http://sputniknews.cn/images/102361/61/1023616112.jpg,http://sputniknews.cn/society/201709181023619246/,,,None,unknown,0,0,"dead:0, hurt:0"
466,2018-01-12 20:30,阿富汗发生爆炸致2人死亡 6人受伤,俄罗斯卫星通讯社莫斯科1月12日电 阿富汗Pazhwak通讯社援引警方的消息报道，该国西部古尔省发生爆炸，至少造成2人死亡，6人受伤。,俄罗斯卫星通讯社莫斯科1月12日电 阿富汗Pazhwak通讯社援引警方的消息报道，该国西部古尔省发生爆炸，至少造成2人死亡，6人受伤。,http://sputniknews.cn/images/102442/15/1024421538.jpg;http://sputniknews.cn/images/102347/92/1023479274.jpg,http://sputniknews.cn/society/201801121024469185/,,,None,unknown,0,0,"dead:0, hurt:0"
467,2017-12-22 01:01,俄外交部：叙境内留守俄军将始终保持战备状态,俄罗斯卫星通讯社莫斯科12月21日电 俄罗斯外交部发言人扎哈罗娃表示，一部分俄罗斯驻叙利亚的部队将留守，并将始终保持完全战备状态，以帮助叙政府军防止残留的恐怖分子逃往邻国。,俄罗斯卫星通讯社莫斯科12月21日电 俄罗斯外交部发言人扎哈罗娃表示，一部分俄罗斯驻叙利亚的部队将留守，并将始终保持完全战备状态，以帮助叙政府军防止残留的恐怖分子逃往邻国。,http://sputniknews.cn/images/102373/02/1023730207.jpg;http://sputniknews.cn/images/102433/52/1024335204.jpg,http://sputniknews.cn/military/201712221024335335/,,,None,unknown,0,0,"dead:0, hurt:0"
468,2018-01-03 11:20,被联合国和美国通缉的法国籍“伊斯兰国”招募者在叙被捕,俄罗斯卫星通讯社莫斯科1月3日电 《法兰西西部报》（L’Ouest-France）援引因涉嫌为恐怖组织“伊斯兰国”招募武装分子而遭到联合国和美国通缉的法国女子艾米丽∙柯尼希母亲的消息称，该女子在叙利亚北部被库尔德民兵逮捕。,俄罗斯卫星通讯社莫斯科1月3日电 《法兰西西部报》（L’Ouest-France）援引因涉嫌为恐怖组织“伊斯兰国”招募武装分子而遭到联合国和美国通缉的法国女子艾米丽∙柯尼希母亲的消息称，该女子在叙利亚北部被库尔德民兵逮捕。,http://sputniknews.cn/images/102373/51/1023735102.jpg;http://sputniknews.cn/images/101959/15/1019591572.jpg,http://sputniknews.cn/society/201801031024410352/,,,None,unknown,0,0,"dead:0, hurt:0"
469,2017-09-25 18:36,专家：俄军事顾问在叙军事行动制定中发挥着关键作用,俄罗斯卫星通讯社莫斯科9月25日电 军事专家、《国防》杂志主编伊戈尔·科罗琴科指出，俄罗斯军事顾问在协助叙利亚军队制定军事行动计划和作战方案上发挥关键作用，而在代尔祖尔地区的反恐行动中牺牲的中将瓦列里·阿萨波夫也曾参与该工作。,俄罗斯卫星通讯社莫斯科9月25日电 军事专家、《国防》杂志主编伊戈尔·科罗琴科指出，俄罗斯军事顾问在协助叙利亚军队制定军事行动计划和作战方案上发挥关键作用，而在代尔祖尔地区的反恐行动中牺牲的中将瓦列里·阿萨波夫也曾参与该工作。,http://sputniknews.cn/images/102335/94/1023359457.jpg;http://sputniknews.cn/images/102358/24/1023582449.jpg,http://sputniknews.cn/military/201709251023673300/,,,None,unknown,0,0,"dead:0, hurt:0"
470,2017-06-13 19:15,22国武官观摩白俄“斯拉夫兄弟-2017”演习进程,俄罗斯卫星通讯社布列斯特训练场（白俄罗斯）6月13日电 据白俄罗斯实兵行动演习副指挥古列维奇6月13日对记者称，来自22国包括中国和叙利亚的武官观摩了“斯拉夫兄弟-2017”联合反恐演习的实兵阶段。,俄罗斯卫星通讯社布列斯特训练场（白俄罗斯）6月13日电 据白俄罗斯实兵行动演习副指挥古列维奇6月13日对记者称，来自22国包括中国和叙利亚的武官观摩了“斯拉夫兄弟-2017”联合反恐演习的实兵阶段。,http://sputniknews.cn/images/102284/83/1022848353.jpg;http://sputniknews.cn/images/101736/44/1017364480.jpg,http://sputniknews.cn/military/201706131022848218/,,,None,unknown,0,0,"dead:0, hurt:0"
471,2018-03-03 18:11,英国一少年因策划在贾斯汀·比伯演唱会上实施恐袭获刑,英国《电讯报》发布消息称，17岁英国少年劳埃德·冈顿（Lloyd Gunton）因策划以“伊斯兰国”名义在加拿大歌星贾斯汀·比伯演唱会上实施恐怖袭击被判终身监禁。,英国《电讯报》发布消息称，17岁英国少年劳埃德·冈顿（Lloyd Gunton）因策划以“伊斯兰国”名义在加拿大歌星贾斯汀·比伯演唱会上实施恐怖袭击被判终身监禁。,http://sputniknews.cn/images/102483/70/1024837036.jpg;http://sputniknews.cn/images/102479/05/1024790574.jpg,http://sputniknews.cn/society/201803031024836998/,,,None,unknown,0,0,"dead:0, hurt:0"
472,2017-09-30 17:56,与恐怖主义作战两年：俄助叙政府军从IS（在俄被禁）手中解放超过89%的领土,叙利亚政府军与各大武装组织武装分子自2011年3月起持续爆发武装冲突。,叙利亚政府军与各大武装组织武装分子自2011年3月起持续爆发武装冲突。,http://sputniknews.cn/images/102226/21/1022262144.jpg;http://sputniknews.cn/images/101708/51/1017085120.jpg,http://sputniknews.cn/russia/201709301023710095/,,,None,unknown,0,0,"dead:0, hurt:0"
473,2018-02-22 13:28,以总理：除阻止炸毁澳飞机外 以色列在全球范围内粉粹数十起恐袭图谋,以色列总理本雅明•内塔尼亚胡表示，以色列协助阻止了全球数十起恐怖袭击的发生，而挫败炸毁澳大利亚飞机的恐怖图谋只是其中之一。,以色列总理本雅明•内塔尼亚胡表示，以色列协助阻止了全球数十起恐怖袭击的发生，而挫败炸毁澳大利亚飞机的恐怖图谋只是其中之一。,http://sputniknews.cn/images/101385/67/1013856703.jpg;http://sputniknews.cn/images/102150/16/1021501651.jpg,http://sputniknews.cn/society/201802221024768741/,,,,unknown,0,0,"dead:0, hurt:0"
474,2017-12-04 01:25,纽约发生汽车冲撞人群事件,星期日下午4时45分，纽约皇后区发生汽车冲撞人群事件，造成1人死亡，3人受伤，其中2人伤势严重。,星期日下午4时45分，纽约皇后区发生汽车冲撞人群事件，造成1人死亡，3人受伤，其中2人伤势严重。,http://sputniknews.cn/images/102394/21/1023942193.jpg;http://sputniknews.cn/images/102392/99/1023929928.jpg,http://sputniknews.cn/society/201712041024198166/,,,None,unknown,0,0,"dead:0, hurt:0"
475,2017-06-16 19:29,俄国防部发布据推测“伊斯兰国”最高头目被消灭的空袭图片,俄国防部发布据推测“伊斯兰国”最高头目被消灭的空袭图片。,俄国防部发布据推测“伊斯兰国”最高头目被消灭的空袭图片。,http://sputniknews.cn/images/101654/43/1016544327.jpg;http://sputniknews.cn/images/102287/80/1022878089.jpg,http://sputniknews.cn/politics/201706161022878148/,,,None,unknown,0,0,"dead:0, hurt:0"
476,2017-06-28 13:37,马杜罗派出特种部队去捕捉攻击最高法院大楼的人员,俄罗斯卫星通讯社莫斯科6月28日电 据Nacional网站报道称，委内瑞拉总统马杜罗派出特种部队搜寻和捕捉攻击加拉加斯最高法院大楼的人员，包括直升机驾驶员奥斯卡∙佩雷斯。,俄罗斯卫星通讯社莫斯科6月28日电 据Nacional网站报道称，委内瑞拉总统马杜罗派出特种部队搜寻和捕捉攻击加拉加斯最高法院大楼的人员，包括直升机驾驶员奥斯卡∙佩雷斯。,http://sputniknews.cn/images/102296/52/1022965219.jpg;http://sputniknews.cn/images/102280/29/1022802957.jpg,http://sputniknews.cn/politics/201706281022965105/,,,None,unknown,0,0,"dead:0, hurt:0"
477,2017-12-18 05:09,白宫：特朗普与普京称所防止的恐袭事例为合作的范例,俄罗斯卫星通讯社华盛顿12月18日电  据白宫消息称，美国总统特朗普和俄罗斯总统普京认为，在中情局协助下所防止的圣彼得堡恐袭事例表明了两国合作的积极范例。,俄罗斯卫星通讯社华盛顿12月18日电  据白宫消息称，美国总统特朗普和俄罗斯总统普京认为，在中情局协助下所防止的圣彼得堡恐袭事例表明了两国合作的积极范例。,http://sputniknews.cn/images/101334/33/1013343399.jpg;http://sputniknews.cn/images/102207/65/1022076588.jpg,http://sputniknews.cn/politics/201712181024303411/,,,None,unknown,0,0,"dead:0, hurt:0"
478,2018-01-08 23:00,俄国防部：6日凌晨俄驻叙军队成功制止恐袭企图,俄罗斯卫星通讯社莫斯科1月8日电 俄罗斯国防部信息和大众传媒司发布消息称，1月6日凌晨俄军安全保障系统成功制止一起针对俄驻叙利亚军事设施的恐袭企图。,俄罗斯卫星通讯社莫斯科1月8日电 俄罗斯国防部信息和大众传媒司发布消息称，1月6日凌晨俄军安全保障系统成功制止一起针对俄驻叙利亚军事设施的恐袭企图。,http://sputniknews.cn/images/102394/78/1023947870.jpg;http://sputniknews.cn/images/102441/65/1024416508.jpg,http://sputniknews.cn/military/201801081024435928/,,,None,unknown,0,0,"dead:0, hurt:0"
479,2017-08-01 20:46,俄莫斯科州法院3名匪帮案在押嫌犯试图逃跑时被击毙,俄罗斯内务部莫斯科州总局新闻处发布消息，轰动一时的“GTA匪帮”案在押犯试图从莫斯科州法院逃跑，其中3人在枪战过程中被警察击毙，另外2人被打伤。,俄罗斯内务部莫斯科州总局新闻处发布消息，轰动一时的“GTA匪帮”案在押犯试图从莫斯科州法院逃跑，其中3人在枪战过程中被警察击毙，另外2人被打伤。,http://sputniknews.cn/images/102325/73/1023257379.jpg;http://sputniknews.cn/images/102325/56/1023255693.jpg,http://sputniknews.cn/russia/201708011023256691/,,,None,unknown,0,0,"dead:0, hurt:0"
480,2017-07-25 22:04,媒体：伊斯兰宗教基金会呼吁穆斯林继续抗议,卫星通讯社莫斯科7月25日电 管理圣殿山的伊斯兰宗教基金会呼吁穆斯林在以色列拆除金属探测门和摄像头后继续抵制，不要前往圣殿山的清真寺礼拜。,卫星通讯社莫斯科7月25日电 管理圣殿山的伊斯兰宗教基金会呼吁穆斯林在以色列拆除金属探测门和摄像头后继续抵制，不要前往圣殿山的清真寺礼拜。,http://sputniknews.cn/images/102320/38/1023203896.jpg;http://sputniknews.cn/images/102319/80/1023198052.jpg,http://sputniknews.cn/politics/201707251023200492/,,,None,unknown,0,0,"dead:0, hurt:0"
481,2018-02-11 02:04,土耳其警方扣押17名试图在安卡拉制造恐怖袭击的“伊斯兰国”武装分子,俄罗斯卫星通讯社莫斯科2月10日电 土耳其Anadolu新闻社援引该国安全机构消息人士报道，土耳其警方已经扣押17名“伊斯兰国”武装分子，他们被怀疑在首都安卡拉筹备恐怖袭击。,俄罗斯卫星通讯社莫斯科2月10日电 土耳其Anadolu新闻社援引该国安全机构消息人士报道，土耳其警方已经扣押17名“伊斯兰国”武装分子，他们被怀疑在首都安卡拉筹备恐怖袭击。,http://sputniknews.cn/images/102374/69/1023746965.jpg;http://sputniknews.cn/images/102463/28/1024632804.jpg,http://sputniknews.cn/military/201802111024688022/,,,None,unknown,0,0,"dead:0, hurt:0"
482,2017-12-20 02:32,博尔特尼科夫：2017年俄联邦安全局挫败23起恐怖袭击,俄联邦安全局局长亚历山大·博尔特尼科夫在接受《俄罗斯报》采访时表示，2017年，俄罗斯挫败了23起恐怖袭。,俄联邦安全局局长亚历山大·博尔特尼科夫在接受《俄罗斯报》采访时表示，2017年，俄罗斯挫败了23起恐怖袭。,http://sputniknews.cn/images/102336/52/1023365273.jpg;http://sputniknews.cn/images/102425/88/1024258841.jpg,http://sputniknews.cn/russia/201712201024318907/,,,None,unknown,0,0,"dead:0, hurt:0"
483,2018-01-24 19:35,阿富汗当局：慈善组织遭袭击 2人死亡,俄罗斯卫星通讯社莫斯科1月24日电 阿富汗楠格哈尔省省长发言人表示，武装分子袭击了贾拉拉巴德市一处国际慈善组织“救助儿童会”办公室，袭击造成2人死亡，12人受伤。,俄罗斯卫星通讯社莫斯科1月24日电 阿富汗楠格哈尔省省长发言人表示，武装分子袭击了贾拉拉巴德市一处国际慈善组织“救助儿童会”办公室，袭击造成2人死亡，12人受伤。,http://sputniknews.cn/images/102455/31/1024553141.jpg;http://sputniknews.cn/images/102292/54/1022925404.jpg,http://sputniknews.cn/military/201801241024553169/,,,None,unknown,0,0,"dead:0, hurt:0"
